LowerImageLimit = {
	1000,  1000,  1000,  1000,  1000,  1000,  1000,  1000,  1000,  1000,  1000,  1000,  1000,  1000,  1000,  1000,  1000,  1000,  1000,  1000,  1000,  1000,  1000,  1000,  1000,  1000,  1000,  1000,  1000,  1000,  1000,  1000,
	1000,  1000,  1000,  1000,  1000,  1000,  1000,  1000,  1000,  1000,  1000,  1000,  1000,  1000,  1000,  1000,  1000,  1000,  1000,  1000,  1000,  1000,  1000,  1000,  1000,  1000,  1000,  1000,  1000,  1000,  1000,  1000,
	1000,  1000,  1000,  1000,  1000,  1000,  1000,  1000,  1000,  1000,  1000,  1000,  1000,  1000,  1000,  1000,  1000,  1000,  1000,  1000,  1000,  1000,  1000,  1000,  1000,  1000,  1000,  1000,  1000,  1000,  1000,  1000,
	1000,  1000,  1000,  1000,  1000,  1000,  1000,  1000,  1000,  1000,  1000,  1000,  1000,  1000,  1000,  1000,  1000,  1000,  1000,  1000,  1000,  1000,  1000,  1000,  1000,  1000,  1000,  1000,  1000,  1000,  1000,  1000,
	1000,  1000,  1000,  1000,  1000,  1000,  1000,  1000,  1000,  1000,  1000,  1000,  1000,  1000,  1000,  1000,  1000,  1000,  1000,  1000,  1000,  1000,  1000,  1000,  1000,  1000,  1000,  1000,  1000,  1000,  1000,  1000,
	1000,  1000,  1000,  1000,  1000,  1000,  1000,  1000,  1000,  1000,  1000,  1000,  1000,  1000,  1000,  1000,  1000,  1000,  1000,  1000,  1000,  1000,  1000,  1000,  1000,  1000,  1000,  1000,  1000,  1000,  1000,  1000,
	1000,  1000,  1000,  1000,  1000,  1000,  1000,  1000,  1000,  1000,  1000,  1000,  1000,  1000,  1000,  1000,  1000,  1000,  1000,  1000,  1000,  1000,  1000,  1000,  1000,  1000,  1000,  1000,  1000,  1000,  1000,  1000,
	1000,  1000,  1000,  1000,  1000,  1000,  1000,  1000,  1000,  1000,  1000,  1000,  1000,  1000,  1000,  1000,  1000,  1000,  1000,  1000,  1000,  1000,  1000,  1000,  1000,  1000,  1000,  1000,  1000,  1000,  1000,  1000,
	1000,  1000,  1000,  1000,  1000,  1000,  1000,  1000,  1000,  1000,  1000,  1000,  1000,  1000,  1000,  1000,  1000,  1000,  1000,  1000,  1000,  1000,  1000,  1000,  1000,  1000,  1000,  1000,  1000,  1000,  1000,  1000,
	1000,  1000,  1000,  1000,  1000,  1000,  1000,  1000,  1000,  1000,  1000,  1000,  1000,  1000,  1000,  1000,  1000,  1000,  1000,  1000,  1000,  1000,  1000,  1000,  1000,  1000,  1000,  1000,  1000,  1000,  1000,  1000,
	1000,  1000,  1000,  1000,  1000,  1000,  1000,  1000,  1000,  1000,  1000,  1000,  1000,  1000,  1000,  1000,  1000,  1000,  1000,  1000,  1000,  1000,  1000,  1000,  1000,  1000,  1000,  1000,  1000,  1000,  1000,  1000,
	1000,  1000,  1000,  1000,  1000,  1000,  1000,  1000,  1000,  1000,  1000,  1000,  1000,  1000,  1000,  1000,  1000,  1000,  1000,  1000,  1000,  1000,  1000,  1000,  1000,  1000,  1000,  1000,  1000,  1000,  1000,  1000,
	1000,  1000,  1000,  1000,  1000,  1000,  1000,  1000,  1000,  1000,  1000,  1000,  1000,  1000,  1000,  1000,  1000,  1000,  1000,  1000,  1000,  1000,  1000,  1000,  1000,  1000,  1000,  1000,  1000,  1000,  1000,  1000,
	1000,  1000,  1000,  1000,  1000,  1000,  1000,  1000,  1000,  1000,  1000,  1000,  1000,  1000,  1000,  1000,  1000,  1000,  1000,  1000,  1000,  1000,  1000,  1000,  1000,  1000,  1000,  1000,  1000,  1000,  1000,  1000,
	1000,  1000,  1000,  1000,  1000,  1000,  1000,  1000,  1000,  1000,  1000,  1000,  1000,  1000,  1000,  1000,  1000,  1000,  1000,  1000,  1000,  1000,  1000,  1000,  1000,  1000,  1000,  1000,  1000,  1000,  1000,  1000,
	1000,  1000,  1000,  1000,  1000,  1000,  1000,  1000,  1000,  1000,  1000,  1000,  1000,  1000,  1000,  1000,  1000,  1000,  1000,  1000,  1000,  1000,  1000,  1000,  1000,  1000,  1000,  1000,  1000,  1000,  1000,  1000,
	1000,  1000,  1000,  1000,  1000,  1000,  1000,  1000,  1000,  1000,  1000,  1000,  1000,  1000,  1000,  1000,  1000,  1000,  1000,  1000,  1000,  1000,  1000,  1000,  1000,  1000,  1000,  1000,  1000,  1000,  1000,  1000,
	1000,  1000,  1000,  1000,  1000,  1000,  1000,  1000,  1000,  1000,  1000,  1000,  1000,  1000,  1000,  1000,  1000,  1000,  1000,  1000,  1000,  1000,  1000,  1000,  1000,  1000,  1000,  1000,  1000,  1000,  1000,  1000,
	1000,  1000,  1000,  1000,  1000,  1000,  1000,  1000,  1000,  1000,  1000,  1000,  1000,  1000,  1000,  1000,  1000,  1000,  1000,  1000,  1000,  1000,  1000,  1000,  1000,  1000,  1000,  1000,  1000,  1000,  1000,  1000,
	1000,  1000,  1000,  1000,  1000,  1000,  1000,  1000,  1000,  1000,  1000,  1000,  1000,  1000,  1000,  1000,  1000,  1000,  1000,  1000,  1000,  1000,  1000,  1000,  1000,  1000,  1000,  1000,  1000,  1000,  1000,  1000,
	1000,  1000,  1000,  1000,  1000,  1000,  1000,  1000,  1000,  1000,  1000,  1000,  1000,  1000,  1000,  1000,  1000,  1000,  1000,  1000,  1000,  1000,  1000,  1000,  1000,  1000,  1000,  1000,  1000,  1000,  1000,  1000,
	1000,  1000,  1000,  1000,  1000,  1000,  1000,  1000,  1000,  1000,  1000,  1000,  1000,  1000,  1000,  1000,  1000,  1000,  1000,  1000,  1000,  1000,  1000,  1000,  1000,  1000,  1000,  1000,  1000,  1000,  1000,  1000,
	1000,  1000,  1000,  1000,  1000,  1000,  1000,  1000,  1000,  1000,  1000,  1000,  1000,  1000,  1000,  1000,  1000,  1000,  1000,  1000,  1000,  1000,  1000,  1000,  1000,  1000,  1000,  1000,  1000,  1000,  1000,  1000,
	1000,  1000,  1000,  1000,  1000,  1000,  1000,  1000,  1000,  1000,  1000,  1000,  1000,  1000,  1000,  1000,  1000,  1000,  1000,  1000,  1000,  1000,  1000,  1000,  1000,  1000,  1000,  1000,  1000,  1000,  1000,  1000,
	1000,  1000,  1000,  1000,  1000,  1000,  1000,  1000,  1000,  1000,  1000,  1000,  1000,  1000,  1000,  1000,  1000,  1000,  1000,  1000,  1000,  1000,  1000,  1000,  1000,  1000,  1000,  1000,  1000,  1000,  1000,  1000,
	1000,  1000,  1000,  1000,  1000,  1000,  1000,  1000,  1000,  1000,  1000,  1000,  1000,  1000,  1000,  1000,  1000,  1000,  1000,  1000,  1000,  1000,  1000,  1000,  1000,  1000,  1000,  1000,  1000,  1000,  1000,  1000,
	1000,  1000,  1000,  1000,  1000,  1000,  1000,  1000,  1000,  1000,  1000,  1000,  1000,  1000,  1000,  1000,  1000,  1000,  1000,  1000,  1000,  1000,  1000,  1000,  1000,  1000,  1000,  1000,  1000,  1000,  1000,  1000,
	1000,  1000,  1000,  1000,  1000,  1000,  1000,  1000,  1000,  1000,  1000,  1000,  1000,  1000,  1000,  1000,  1000,  1000,  1000,  1000,  1000,  1000,  1000,  1000,  1000,  1000,  1000,  1000,  1000,  1000,  1000,  1000,
	1000,  1000,  1000,  1000,  1000,  1000,  1000,  1000,  1000,  1000,  1000,  1000,  1000,  1000,  1000,  1000,  1000,  1000,  1000,  1000,  1000,  1000,  1000,  1000,  1000,  1000,  1000,  1000,  1000,  1000,  1000,  1000,
	1000,  1000,  1000,  1000,  1000,  1000,  1000,  1000,  1000,  1000,  1000,  1000,  1000,  1000,  1000,  1000,  1000,  1000,  1000,  1000,  1000,  1000,  1000,  1000,  1000,  1000,  1000,  1000,  1000,  1000,  1000,  1000,
	1000,  1000,  1000,  1000,  1000,  1000,  1000,  1000,  1000,  1000,  1000,  1000,  1000,  1000,  1000,  1000,  1000,  1000,  1000,  1000,  1000,  1000,  1000,  1000,  1000,  1000,  1000,  1000,  1000,  1000,  1000,  1000,
	1000,  1000,  1000,  1000,  1000,  1000,  1000,  1000,  1000,  1000,  1000,  1000,  1000,  1000,  1000,  1000,  1000,  1000,  1000,  1000,  1000,  1000,  1000,  1000,  1000,  1000,  1000,  1000,  1000,  1000,  1000,  1000,
}
UpperImageLimit = {
	5500, 5500, 5500, 5500, 5500, 5500, 5500, 5500, 5500, 5500, 5500, 5500, 5500, 5500, 5500, 5500, 5500, 5500, 5500, 5500, 5500, 5500, 5500, 5500, 5500, 5500, 5500, 5500, 5500, 5500, 5500, 5500,
	5500, 5500, 5500, 5500, 5500, 5500, 5500, 5500, 5500, 5500, 5500, 5500, 5500, 5500, 5500, 5500, 5500, 5500, 5500, 5500, 5500, 5500, 5500, 5500, 5500, 5500, 5500, 5500, 5500, 5500, 5500, 5500,
	5500, 5500, 5500, 5500, 5500, 5500, 5500, 5500, 5500, 5500, 5500, 5500, 5500, 5500, 5500, 5500, 5500, 5500, 5500, 5500, 5500, 5500, 5500, 5500, 5500, 5500, 5500, 5500, 5500, 5500, 5500, 5500,
	5500, 5500, 5500, 5500, 5500, 5500, 5500, 5500, 5500, 5500, 5500, 5500, 5500, 5500, 5500, 5500, 5500, 5500, 5500, 5500, 5500, 5500, 5500, 5500, 5500, 5500, 5500, 5500, 5500, 5500, 5500, 5500,
	5500, 5500, 5500, 5500, 5500, 5500, 5500, 5500, 5500, 5500, 5500, 5500, 5500, 5500, 5500, 5500, 5500, 5500, 5500, 5500, 5500, 5500, 5500, 5500, 5500, 5500, 5500, 5500, 5500, 5500, 5500, 5500,
	5500, 5500, 5500, 5500, 5500, 5500, 5500, 5500, 5500, 5500, 5500, 5500, 5500, 5500, 5500, 5500, 5500, 5500, 5500, 5500, 5500, 5500, 5500, 5500, 5500, 5500, 5500, 5500, 5500, 5500, 5500, 5500,
	5500, 5500, 5500, 5500, 5500, 5500, 5500, 5500, 5500, 5500, 5500, 5500, 5500, 5500, 5500, 5500, 5500, 5500, 5500, 5500, 5500, 5500, 5500, 5500, 5500, 5500, 5500, 5500, 5500, 5500, 5500, 5500,
	5500, 5500, 5500, 5500, 5500, 5500, 5500, 5500, 5500, 5500, 5500, 5500, 5500, 5500, 5500, 5500, 5500, 5500, 5500, 5500, 5500, 5500, 5500, 5500, 5500, 5500, 5500, 5500, 5500, 5500, 5500, 5500,
	5500, 5500, 5500, 5500, 5500, 5500, 5500, 5500, 5500, 5500, 5500, 5500, 5500, 5500, 5500, 5500, 5500, 5500, 5500, 5500, 5500, 5500, 5500, 5500, 5500, 5500, 5500, 5500, 5500, 5500, 5500, 5500,
	5500, 5500, 5500, 5500, 5500, 5500, 5500, 5500, 5500, 5500, 5500, 5500, 5500, 5500, 5500, 5500, 5500, 5500, 5500, 5500, 5500, 5500, 5500, 5500, 5500, 5500, 5500, 5500, 5500, 5500, 5500, 5500,
	5500, 5500, 5500, 5500, 5500, 5500, 5500, 5500, 5500, 5500, 5500, 5500, 5500, 5500, 5500, 5500, 5500, 5500, 5500, 5500, 5500, 5500, 5500, 5500, 5500, 5500, 5500, 5500, 5500, 5500, 5500, 5500,
	5500, 5500, 5500, 5500, 5500, 5500, 5500, 5500, 5500, 5500, 5500, 5500, 5500, 5500, 5500, 5500, 5500, 5500, 5500, 5500, 5500, 5500, 5500, 5500, 5500, 5500, 5500, 5500, 5500, 5500, 5500, 5500,
	5500, 5500, 5500, 5500, 5500, 5500, 5500, 5500, 5500, 5500, 5500, 5500, 5500, 5500, 5500, 5500, 5500, 5500, 5500, 5500, 5500, 5500, 5500, 5500, 5500, 5500, 5500, 5500, 5500, 5500, 5500, 5500,
	5500, 5500, 5500, 5500, 5500, 5500, 5500, 5500, 5500, 5500, 5500, 5500, 5500, 5500, 5500, 5500, 5500, 5500, 5500, 5500, 5500, 5500, 5500, 5500, 5500, 5500, 5500, 5500, 5500, 5500, 5500, 5500,
	5500, 5500, 5500, 5500, 5500, 5500, 5500, 5500, 5500, 5500, 5500, 5500, 5500, 5500, 5500, 5500, 5500, 5500, 5500, 5500, 5500, 5500, 5500, 5500, 5500, 5500, 5500, 5500, 5500, 5500, 5500, 5500,
	5500, 5500, 5500, 5500, 5500, 5500, 5500, 5500, 5500, 5500, 5500, 5500, 5500, 5500, 5500, 5500, 5500, 5500, 5500, 5500, 5500, 5500, 5500, 5500, 5500, 5500, 5500, 5500, 5500, 5500, 5500, 5500,
	5500, 5500, 5500, 5500, 5500, 5500, 5500, 5500, 5500, 5500, 5500, 5500, 5500, 5500, 5500, 5500, 5500, 5500, 5500, 5500, 5500, 5500, 5500, 5500, 5500, 5500, 5500, 5500, 5500, 5500, 5500, 5500,
	5500, 5500, 5500, 5500, 5500, 5500, 5500, 5500, 5500, 5500, 5500, 5500, 5500, 5500, 5500, 5500, 5500, 5500, 5500, 5500, 5500, 5500, 5500, 5500, 5500, 5500, 5500, 5500, 5500, 5500, 5500, 5500,
	5500, 5500, 5500, 5500, 5500, 5500, 5500, 5500, 5500, 5500, 5500, 5500, 5500, 5500, 5500, 5500, 5500, 5500, 5500, 5500, 5500, 5500, 5500, 5500, 5500, 5500, 5500, 5500, 5500, 5500, 5500, 5500,
	5500, 5500, 5500, 5500, 5500, 5500, 5500, 5500, 5500, 5500, 5500, 5500, 5500, 5500, 5500, 5500, 5500, 5500, 5500, 5500, 5500, 5500, 5500, 5500, 5500, 5500, 5500, 5500, 5500, 5500, 5500, 5500,
	5500, 5500, 5500, 5500, 5500, 5500, 5500, 5500, 5500, 5500, 5500, 5500, 5500, 5500, 5500, 5500, 5500, 5500, 5500, 5500, 5500, 5500, 5500, 5500, 5500, 5500, 5500, 5500, 5500, 5500, 5500, 5500,
	5500, 5500, 5500, 5500, 5500, 5500, 5500, 5500, 5500, 5500, 5500, 5500, 5500, 5500, 5500, 5500, 5500, 5500, 5500, 5500, 5500, 5500, 5500, 5500, 5500, 5500, 5500, 5500, 5500, 5500, 5500, 5500,
	5500, 5500, 5500, 5500, 5500, 5500, 5500, 5500, 5500, 5500, 5500, 5500, 5500, 5500, 5500, 5500, 5500, 5500, 5500, 5500, 5500, 5500, 5500, 5500, 5500, 5500, 5500, 5500, 5500, 5500, 5500, 5500,
	5500, 5500, 5500, 5500, 5500, 5500, 5500, 5500, 5500, 5500, 5500, 5500, 5500, 5500, 5500, 5500, 5500, 5500, 5500, 5500, 5500, 5500, 5500, 5500, 5500, 5500, 5500, 5500, 5500, 5500, 5500, 5500,
	5500, 5500, 5500, 5500, 5500, 5500, 5500, 5500, 5500, 5500, 5500, 5500, 5500, 5500, 5500, 5500, 5500, 5500, 5500, 5500, 5500, 5500, 5500, 5500, 5500, 5500, 5500, 5500, 5500, 5500, 5500, 5500,
	5500, 5500, 5500, 5500, 5500, 5500, 5500, 5500, 5500, 5500, 5500, 5500, 5500, 5500, 5500, 5500, 5500, 5500, 5500, 5500, 5500, 5500, 5500, 5500, 5500, 5500, 5500, 5500, 5500, 5500, 5500, 5500,
	5500, 5500, 5500, 5500, 5500, 5500, 5500, 5500, 5500, 5500, 5500, 5500, 5500, 5500, 5500, 5500, 5500, 5500, 5500, 5500, 5500, 5500, 5500, 5500, 5500, 5500, 5500, 5500, 5500, 5500, 5500, 5500,
	5500, 5500, 5500, 5500, 5500, 5500, 5500, 5500, 5500, 5500, 5500, 5500, 5500, 5500, 5500, 5500, 5500, 5500, 5500, 5500, 5500, 5500, 5500, 5500, 5500, 5500, 5500, 5500, 5500, 5500, 5500, 5500,
	5500, 5500, 5500, 5500, 5500, 5500, 5500, 5500, 5500, 5500, 5500, 5500, 5500, 5500, 5500, 5500, 5500, 5500, 5500, 5500, 5500, 5500, 5500, 5500, 5500, 5500, 5500, 5500, 5500, 5500, 5500, 5500,
	5500, 5500, 5500, 5500, 5500, 5500, 5500, 5500, 5500, 5500, 5500, 5500, 5500, 5500, 5500, 5500, 5500, 5500, 5500, 5500, 5500, 5500, 5500, 5500, 5500, 5500, 5500, 5500, 5500, 5500, 5500, 5500,
	5500, 5500, 5500, 5500, 5500, 5500, 5500, 5500, 5500, 5500, 5500, 5500, 5500, 5500, 5500, 5500, 5500, 5500, 5500, 5500, 5500, 5500, 5500, 5500, 5500, 5500, 5500, 5500, 5500, 5500, 5500, 5500,
	5500, 5500, 5500, 5500, 5500, 5500, 5500, 5500, 5500, 5500, 5500, 5500, 5500, 5500, 5500, 5500, 5500, 5500, 5500, 5500, 5500, 5500, 5500, 5500, 5500, 5500, 5500, 5500, 5500, 5500, 5500, 5500,
}
LowerImageLimitSuntel = {
	1543,  1505,  1500,  1494,  1491,  1483,  1479,  1473,  1473,  1466,  1466,  1464,  1460,  1469,  1456,  1527,	1501,  1471,  1467,  1462,  1464,  1451,  1450,  1444,  1444,  1439,  1437,  1435,  1432,  1431,  1428,  1431,
	1492,  1472,  1467,  1464,  1459,  1452,  1450,  1453,  1444,  1438,  1438,  1435,  1431,  1429,  1427,  1431,	1496,  1475,  1470,  1466,  1465,  1455,  1454,  1447,  1448,  1442,  1442,  1439,  1436,  1434,  1441,  1436,
	1494,  1475,  1479,  1465,  1462,  1454,  1453,  1446,  1448,  1441,  1441,  1438,  1435,  1433,  1431,  1435,	1496,  1476,  1472,  1476,  1465,  1457,  1456,  1449,  1451,  1445,  1445,  1441,  1438,  1436,  1434,  1438,
	1494,  1475,  1469,  1464,  1464,  1454,  1454,  1447,  1450,  1443,  1443,  1440,  1447,  1436,  1433,  1438,	1498,  1488,  1474,  1468,  1467,  1459,  1457,  1451,  1454,  1448,  1447,  1445,  1441,  1440,  1437,  1440,
	1499,  1479,  1474,  1470,  1467,  1459,  1458,  1452,  1455,  1448,  1458,  1446,  1442,  1440,  1438,  1442,	1498,  1479,  1473,  1469,  1467,  1459,  1457,  1452,  1454,  1448,  1448,  1456,  1443,  1441,  1439,  1443,
	1503,  1484,  1479,  1474,  1473,  1464,  1470,  1457,  1458,  1453,  1454,  1451,  1448,  1447,  1445,  1459,	1501,  1482,  1477,  1473,  1471,  1473,  1462,  1456,  1457,  1452,  1453,  1451,  1448,  1447,  1446,  1450,
	1504,  1485,  1480,  1476,  1475,  1467,  1465,  1460,  1460,  1455,  1456,  1454,  1452,  1451,  1450,  1454,	1507,  1488,  1483,  1479,  1478,  1469,  1467,  1461,  1462,  1465,  1457,  1455,  1452,  1450,  1448,  1453,
	1389,  1385,  1386,  1387,  1389,  1386,  1388,  1387,  1392,  1391,  1396,  1400,  1402,  1406,  1408,  1427,	1395,  1392,  1392,  1394,  1395,  1391,  1393,  1392,  1397,  1396,  1400,  1403,  1405,  1407,  1409,  1429,
	1396,  1393,  1393,  1393,  1395,  1391,  1394,  1392,  1397,  1396,  1401,  1404,  1405,  1408,  1410,  1428,	1397,  1393,  1394,  1395,  1397,  1392,  1395,  1394,  1399,  1398,  1403,  1406,  1408,  1411,  1412,  1430,
	1399,  1396,  1397,  1397,  1399,  1396,  1399,  1397,  1403,  1402,  1406,  1409,  1410,  1414,  1415,  1433,	1400,  1397,  1398,  1399,  1400,  1397,  1400,  1399,  1403,  1403,  1407,  1410,  1427,  1415,  1416,  1436,
	1404,  1401,  1402,  1403,  1405,  1400,  1413,  1402,  1407,  1407,  1411,  1413,  1418,  1418,  1419,  1437,	1406,  1403,  1405,  1405,  1408,  1404,  1407,  1405,  1410,  1410,  1414,  1416,  1418,  1421,  1423,  1441,
	1410,  1408,  1410,  1410,  1412,  1408,  1411,  1411,  1415,  1413,  1418,  1421,  1422,  1425,  1426,  1443,	1416,  1413,  1415,  1416,  1418,  1414,  1417,  1416,  1420,  1419,  1424,  1426,  1428,  1430,  1430,  1447,
	1418,  1417,  1419,  1419,  1421,  1418,  1420,  1419,  1423,  1422,  1428,  1430,  1431,  1433,  1434,  1450,	1422,  1421,  1423,  1424,  1426,  1422,  1426,  1424,  1428,  1428,  1432,  1434,  1434,  1436,  1439,  1453,
	1427,  1426,  1429,  1430,  1441,  1429,  1433,  1431,  1436,  1434,  1438,  1439,  1440,  1441,  1441,  1461,	1415,  1380,  1379,  1379,  1378,  1372,  1375,  1387,  1393,  1378,  1383,  1388,  1399,  1401,  1395,  1373,
	1000,  1000,  1000,  1000,  1000,  1000,  1000,  1000,  1000,  1000,  1000,  1000,  1000,  1000,  1000,  1000,  1000,  1000,  1000,  1000,  1000,  1000,  1000,  1000,  1000,  1000,  1000,  1000,  1000,  1000,  1000,  1000,
	1000,  1000,  1000,  1000,  1000,  1000,  1000,  1000,  1000,  1000,  1000,  1000,  1000,  1000,  1000,  1000,  1000,  1000,  1000,  1000,  1000,  1000,  1000,  1000,  1000,  1000,  1000,  1000,  1000,  1000,  1000,  1000,
	1000,  1000,  1000,  1000,  1000,  1000,  1000,  1000,  1000,  1000,  1000,  1000,  1000,  1000,  1000,  1000,  1000,  1000,  1000,  1000,  1000,  1000,  1000,  1000,  1000,  1000,  1000,  1000,  1000,  1000,  1000,  1000,
	1000,  1000,  1000,  1000,  1000,  1000,  1000,  1000,  1000,  1000,  1000,  1000,  1000,  1000,  1000,  1000,  1000,  1000,  1000,  1000,  1000,  1000,  1000,  1000,  1000,  1000,  1000,  1000,  1000,  1000,  1000,  1000,
	1000,  1000,  1000,  1000,  1000,  1000,  1000,  1000,  1000,  1000,  1000,  1000,  1000,  1000,  1000,  1000,  1000,  1000,  1000,  1000,  1000,  1000,  1000,  1000,  1000,  1000,  1000,  1000,  1000,  1000,  1000,  1000,
	1000,  1000,  1000,  1000,  1000,  1000,  1000,  1000,  1000,  1000,  1000,  1000,  1000,  1000,  1000,  1000,  1000,  1000,  1000,  1000,  1000,  1000,  1000,  1000,  1000,  1000,  1000,  1000,  1000,  1000,  1000,  1000,
	1000,  1000,  1000,  1000,  1000,  1000,  1000,  1000,  1000,  1000,  1000,  1000,  1000,  1000,  1000,  1000,  1000,  1000,  1000,  1000,  1000,  1000,  1000,  1000,  1000,  1000,  1000,  1000,  1000,  1000,  1000,  1000,
	1000,  1000,  1000,  1000,  1000,  1000,  1000,  1000,  1000,  1000,  1000,  1000,  1000,  1000,  1000,  1000,  1000,  1000,  1000,  1000,  1000,  1000,  1000,  1000,  1000,  1000,  1000,  1000,  1000,  1000,  1000,  1000,
	1000,  1000,  1000,  1000,  1000,  1000,  1000,  1000,  1000,  1000,  1000,  1000,  1000,  1000,  1000,  1000,  1000,  1000,  1000,  1000,  1000,  1000,  1000,  1000,  1000,  1000,  1000,  1000,  1000,  1000,  1000,  1000,
	1000,  1000,  1000,  1000,  1000,  1000,  1000,  1000,  1000,  1000,  1000,  1000,  1000,  1000,  1000,  1000,  1000,  1000,  1000,  1000,  1000,  1000,  1000,  1000,  1000,  1000,  1000,  1000,  1000,  1000,  1000,  1000,
	1000,  1000,  1000,  1000,  1000,  1000,  1000,  1000,  1000,  1000,  1000,  1000,  1000,  1000,  1000,  1000,  1000,  1000,  1000,  1000,  1000,  1000,  1000,  1000,  1000,  1000,  1000,  1000,  1000,  1000,  1000,  1000,
	1000,  1000,  1000,  1000,  1000,  1000,  1000,  1000,  1000,  1000,  1000,  1000,  1000,  1000,  1000,  1000,  1000,  1000,  1000,  1000,  1000,  1000,  1000,  1000,  1000,  1000,  1000,  1000,  1000,  1000,  1000,  1000,
	1000,  1000,  1000,  1000,  1000,  1000,  1000,  1000,  1000,  1000,  1000,  1000,  1000,  1000,  1000,  1000,  1000,  1000,  1000,  1000,  1000,  1000,  1000,  1000,  1000,  1000,  1000,  1000,  1000,  1000,  1000,  1000,
	1000,  1000,  1000,  1000,  1000,  1000,  1000,  1000,  1000,  1000,  1000,  1000,  1000,  1000,  1000,  1000,  1000,  1000,  1000,  1000,  1000,  1000,  1000,  1000,  1000,  1000,  1000,  1000,  1000,  1000,  1000,  1000,
	1000,  1000,  1000,  1000,  1000,  1000,  1000,  1000,  1000,  1000,  1000,  1000,  1000,  1000,  1000,  1000,  1000,  1000,  1000,  1000,  1000,  1000,  1000,  1000,  1000,  1000,  1000,  1000,  1000,  1000,  1000,  1000,
	1000,  1000,  1000,  1000,  1000,  1000,  1000,  1000,  1000,  1000,  1000,  1000,  1000,  1000,  1000,  1000,  1000,  1000,  1000,  1000,  1000,  1000,  1000,  1000,  1000,  1000,  1000,  1000,  1000,  1000,  1000,  1000,
	1000,  1000,  1000,  1000,  1000,  1000,  1000,  1000,  1000,  1000,  1000,  1000,  1000,  1000,  1000,  1000,  1000,  1000,  1000,  1000,  1000,  1000,  1000,  1000,  1000,  1000,  1000,  1000,  1000,  1000,  1000,  1000,
	1000,  1000,  1000,  1000,  1000,  1000,  1000,  1000,  1000,  1000,  1000,  1000,  1000,  1000,  1000,  1000,  1000,  1000,  1000,  1000,  1000,  1000,  1000,  1000,  1000,  1000,  1000,  1000,  1000,  1000,  1000,  1000,
}
UpperImageLimitSuntel = {
	2572, 2508, 2500, 2491, 2486, 2472, 2466, 2455, 2456, 2444, 2443, 2440, 2434, 2449, 2428, 2546,	2501, 2452, 2445, 2437, 2441, 2419, 2417, 2407, 2407, 2398, 2396, 2392, 2388, 2385, 2380, 2385,
	2486, 2453, 2446, 2441, 2432, 2420, 2416, 2422, 2407, 2397, 2396, 2392, 2386, 2383, 2379, 2385,	2494, 2459, 2451, 2443, 2443, 2426, 2423, 2411, 2414, 2404, 2403, 2398, 2393, 2390, 2401, 2393,
	2491, 2459, 2465, 2441, 2436, 2424, 2422, 2411, 2413, 2403, 2402, 2397, 2392, 2389, 2385, 2392,	2494, 2461, 2454, 2460, 2442, 2428, 2426, 2415, 2418, 2408, 2408, 2403, 2397, 2394, 2390, 2397,
	2491, 2459, 2449, 2441, 2440, 2424, 2423, 2413, 2417, 2406, 2405, 2401, 2412, 2393, 2388, 2397,	2497, 2481, 2457, 2447, 2445, 2432, 2429, 2419, 2424, 2413, 2412, 2408, 2401, 2400, 2395, 2401,
	2498, 2466, 2457, 2450, 2446, 2432, 2431, 2421, 2425, 2414, 2431, 2410, 2404, 2401, 2398, 2404,	2496, 2465, 2456, 2448, 2445, 2432, 2429, 2420, 2423, 2413, 2414, 2426, 2405, 2403, 2399, 2406,
	2506, 2473, 2465, 2457, 2455, 2441, 2450, 2429, 2431, 2422, 2424, 2419, 2414, 2413, 2408, 2433,	2503, 2470, 2462, 2455, 2452, 2455, 2437, 2428, 2429, 2420, 2422, 2419, 2414, 2412, 2410, 2417,
	2507, 2476, 2467, 2461, 2459, 2445, 2442, 2434, 2434, 2426, 2428, 2424, 2421, 2419, 2416, 2424,	2513, 2481, 2472, 2466, 2464, 2449, 2446, 2436, 2436, 2442, 2428, 2425, 2421, 2417, 2414, 2422,
	2315, 2309, 2310, 2313, 2316, 2310, 2313, 2311, 2320, 2319, 2327, 2334, 2338, 2343, 2348, 2379,	2326, 2321, 2321, 2323, 2326, 2319, 2322, 2320, 2329, 2327, 2334, 2339, 2341, 2345, 2349, 2382,
	2327, 2321, 2322, 2323, 2325, 2318, 2324, 2320, 2329, 2327, 2336, 2341, 2342, 2347, 2351, 2381,	2329, 2323, 2324, 2326, 2328, 2320, 2325, 2323, 2332, 2331, 2338, 2344, 2347, 2351, 2354, 2384,
	2332, 2327, 2328, 2329, 2333, 2327, 2332, 2329, 2338, 2337, 2344, 2348, 2351, 2357, 2359, 2389,	2333, 2329, 2330, 2331, 2334, 2329, 2334, 2332, 2338, 2339, 2346, 2351, 2379, 2358, 2361, 2394,
	2340, 2335, 2337, 2338, 2342, 2334, 2356, 2337, 2345, 2345, 2352, 2356, 2363, 2363, 2366, 2395,	2344, 2339, 2342, 2343, 2347, 2341, 2345, 2342, 2351, 2350, 2357, 2361, 2364, 2369, 2371, 2401,
	2350, 2347, 2350, 2351, 2354, 2347, 2353, 2351, 2358, 2355, 2364, 2369, 2371, 2375, 2377, 2406,	2360, 2356, 2359, 2360, 2364, 2358, 2362, 2360, 2367, 2366, 2373, 2378, 2380, 2383, 2384, 2412,
	2364, 2361, 2365, 2366, 2369, 2363, 2368, 2366, 2373, 2371, 2381, 2383, 2386, 2389, 2390, 2417,	2370, 2368, 2372, 2374, 2378, 2370, 2376, 2374, 2381, 2380, 2388, 2390, 2391, 2394, 2399, 2421,
	2379, 2378, 2382, 2383, 2402, 2382, 2388, 2386, 2393, 2391, 2396, 2399, 2400, 2402, 2402, 2435,	2359, 2301, 2298, 2299, 2297, 2286, 2291, 2312, 2323, 2297, 2305, 2314, 2333, 2335, 2326, 2289,
	5500, 5500, 5500, 5500, 5500, 5500, 5500, 5500, 5500, 5500, 5500, 5500, 5500, 5500, 5500, 5500, 5500, 5500, 5500, 5500, 5500, 5500, 5500, 5500, 5500, 5500, 5500, 5500, 5500, 5500, 5500, 5500,
	5500, 5500, 5500, 5500, 5500, 5500, 5500, 5500, 5500, 5500, 5500, 5500, 5500, 5500, 5500, 5500, 5500, 5500, 5500, 5500, 5500, 5500, 5500, 5500, 5500, 5500, 5500, 5500, 5500, 5500, 5500, 5500,
	5500, 5500, 5500, 5500, 5500, 5500, 5500, 5500, 5500, 5500, 5500, 5500, 5500, 5500, 5500, 5500, 5500, 5500, 5500, 5500, 5500, 5500, 5500, 5500, 5500, 5500, 5500, 5500, 5500, 5500, 5500, 5500,
	5500, 5500, 5500, 5500, 5500, 5500, 5500, 5500, 5500, 5500, 5500, 5500, 5500, 5500, 5500, 5500, 5500, 5500, 5500, 5500, 5500, 5500, 5500, 5500, 5500, 5500, 5500, 5500, 5500, 5500, 5500, 5500,
	5500, 5500, 5500, 5500, 5500, 5500, 5500, 5500, 5500, 5500, 5500, 5500, 5500, 5500, 5500, 5500, 5500, 5500, 5500, 5500, 5500, 5500, 5500, 5500, 5500, 5500, 5500, 5500, 5500, 5500, 5500, 5500,
	5500, 5500, 5500, 5500, 5500, 5500, 5500, 5500, 5500, 5500, 5500, 5500, 5500, 5500, 5500, 5500, 5500, 5500, 5500, 5500, 5500, 5500, 5500, 5500, 5500, 5500, 5500, 5500, 5500, 5500, 5500, 5500,
	5500, 5500, 5500, 5500, 5500, 5500, 5500, 5500, 5500, 5500, 5500, 5500, 5500, 5500, 5500, 5500, 5500, 5500, 5500, 5500, 5500, 5500, 5500, 5500, 5500, 5500, 5500, 5500, 5500, 5500, 5500, 5500,
	5500, 5500, 5500, 5500, 5500, 5500, 5500, 5500, 5500, 5500, 5500, 5500, 5500, 5500, 5500, 5500, 5500, 5500, 5500, 5500, 5500, 5500, 5500, 5500, 5500, 5500, 5500, 5500, 5500, 5500, 5500, 5500,
	5500, 5500, 5500, 5500, 5500, 5500, 5500, 5500, 5500, 5500, 5500, 5500, 5500, 5500, 5500, 5500, 5500, 5500, 5500, 5500, 5500, 5500, 5500, 5500, 5500, 5500, 5500, 5500, 5500, 5500, 5500, 5500,
	5500, 5500, 5500, 5500, 5500, 5500, 5500, 5500, 5500, 5500, 5500, 5500, 5500, 5500, 5500, 5500, 5500, 5500, 5500, 5500, 5500, 5500, 5500, 5500, 5500, 5500, 5500, 5500, 5500, 5500, 5500, 5500,
	5500, 5500, 5500, 5500, 5500, 5500, 5500, 5500, 5500, 5500, 5500, 5500, 5500, 5500, 5500, 5500, 5500, 5500, 5500, 5500, 5500, 5500, 5500, 5500, 5500, 5500, 5500, 5500, 5500, 5500, 5500, 5500,
	5500, 5500, 5500, 5500, 5500, 5500, 5500, 5500, 5500, 5500, 5500, 5500, 5500, 5500, 5500, 5500, 5500, 5500, 5500, 5500, 5500, 5500, 5500, 5500, 5500, 5500, 5500, 5500, 5500, 5500, 5500, 5500,
	5500, 5500, 5500, 5500, 5500, 5500, 5500, 5500, 5500, 5500, 5500, 5500, 5500, 5500, 5500, 5500, 5500, 5500, 5500, 5500, 5500, 5500, 5500, 5500, 5500, 5500, 5500, 5500, 5500, 5500, 5500, 5500,
	5500, 5500, 5500, 5500, 5500, 5500, 5500, 5500, 5500, 5500, 5500, 5500, 5500, 5500, 5500, 5500, 5500, 5500, 5500, 5500, 5500, 5500, 5500, 5500, 5500, 5500, 5500, 5500, 5500, 5500, 5500, 5500,
	5500, 5500, 5500, 5500, 5500, 5500, 5500, 5500, 5500, 5500, 5500, 5500, 5500, 5500, 5500, 5500, 5500, 5500, 5500, 5500, 5500, 5500, 5500, 5500, 5500, 5500, 5500, 5500, 5500, 5500, 5500, 5500,
	5500, 5500, 5500, 5500, 5500, 5500, 5500, 5500, 5500, 5500, 5500, 5500, 5500, 5500, 5500, 5500, 5500, 5500, 5500, 5500, 5500, 5500, 5500, 5500, 5500, 5500, 5500, 5500, 5500, 5500, 5500, 5500,
	5500, 5500, 5500, 5500, 5500, 5500, 5500, 5500, 5500, 5500, 5500, 5500, 5500, 5500, 5500, 5500, 5500, 5500, 5500, 5500, 5500, 5500, 5500, 5500, 5500, 5500, 5500, 5500, 5500, 5500, 5500, 5500,
	5500, 5500, 5500, 5500, 5500, 5500, 5500, 5500, 5500, 5500, 5500, 5500, 5500, 5500, 5500, 5500, 5500, 5500, 5500, 5500, 5500, 5500, 5500, 5500, 5500, 5500, 5500, 5500, 5500, 5500, 5500, 5500,
}
ADCLowerImageLimit = {
	25, 25, 25, 25, 25, 25, 25, 25, 25, 25, 25, 25, 25, 25, 25, 25, 25, 25, 25, 25, 25, 25, 25, 25, 25, 25, 25, 25, 25, 25, 25, 25,
	25, 25, 25, 25, 25, 25, 25, 25, 25, 25, 25, 25, 25, 25, 25, 25, 25, 25, 25, 25, 25, 25, 25, 25, 25, 25, 25, 25, 25, 25, 25, 25,
	25, 25, 25, 25, 25, 25, 25, 25, 25, 25, 25, 25, 25, 25, 25, 25, 25, 25, 25, 25, 25, 25, 25, 25, 25, 25, 25, 25, 25, 25, 25, 25,
	25, 25, 25, 25, 25, 25, 25, 25, 25, 25, 25, 25, 25, 25, 25, 25, 25, 25, 25, 25, 25, 25, 25, 25, 25, 25, 25, 25, 25, 25, 25, 25,
	25, 25, 25, 25, 25, 25, 25, 25, 25, 25, 25, 25, 25, 25, 25, 25, 25, 25, 25, 25, 25, 25, 25, 25, 25, 25, 25, 25, 25, 25, 25, 25,
	25, 25, 25, 25, 25, 25, 25, 25, 25, 25, 25, 25, 25, 25, 25, 25, 25, 25, 25, 25, 25, 25, 25, 25, 25, 25, 25, 25, 25, 25, 25, 25,
	25, 25, 25, 25, 25, 25, 25, 25, 25, 25, 25, 25, 25, 25, 25, 25, 25, 25, 25, 25, 25, 25, 25, 25, 25, 25, 25, 25, 25, 25, 25, 25,
	25, 25, 25, 25, 25, 25, 25, 25, 25, 25, 25, 25, 25, 25, 25, 25, 25, 25, 25, 25, 25, 25, 25, 25, 25, 25, 25, 25, 25, 25, 25, 25,
	25, 25, 25, 25, 25, 25, 25, 25, 25, 25, 25, 25, 25, 25, 25, 25, 25, 25, 25, 25, 25, 25, 25, 25, 25, 25, 25, 25, 25, 25, 25, 25,
	25, 25, 25, 25, 25, 25, 25, 25, 25, 25, 25, 25, 25, 25, 25, 25, 25, 25, 25, 25, 25, 25, 25, 25, 25, 25, 25, 25, 25, 25, 25, 25,
	25, 25, 25, 25, 25, 25, 25, 25, 25, 25, 25, 25, 25, 25, 25, 25, 25, 25, 25, 25, 25, 25, 25, 25, 25, 25, 25, 25, 25, 25, 25, 25,
	25, 25, 25, 25, 25, 25, 25, 25, 25, 25, 25, 25, 25, 25, 25, 25, 25, 25, 25, 25, 25, 25, 25, 25, 25, 25, 25, 25, 25, 25, 25, 25,
	25, 25, 25, 25, 25, 25, 25, 25, 25, 25, 25, 25, 25, 25, 25, 25, 25, 25, 25, 25, 25, 25, 25, 25, 25, 25, 25, 25, 25, 25, 25, 25,
	25, 25, 25, 25, 25, 25, 25, 25, 25, 25, 25, 25, 25, 25, 25, 25, 25, 25, 25, 25, 25, 25, 25, 25, 25, 25, 25, 25, 25, 25, 25, 25,
	25, 25, 25, 25, 25, 25, 25, 25, 25, 25, 25, 25, 25, 25, 25, 25, 25, 25, 25, 25, 25, 25, 25, 25, 25, 25, 25, 25, 25, 25, 25, 25,
	25, 25, 25, 25, 25, 25, 25, 25, 25, 25, 25, 25, 25, 25, 25, 25, 25, 25, 25, 25, 25, 25, 25, 25, 25, 25, 25, 25, 25, 25, 25, 25,
	25, 25, 25, 25, 25, 25, 25, 25, 25, 25, 25, 25, 25, 25, 25, 25, 25, 25, 25, 25, 25, 25, 25, 25, 25, 25, 25, 25, 25, 25, 25, 25,
	25, 25, 25, 25, 25, 25, 25, 25, 25, 25, 25, 25, 25, 25, 25, 25, 25, 25, 25, 25, 25, 25, 25, 25, 25, 25, 25, 25, 25, 25, 25, 25,
	25, 25, 25, 25, 25, 25, 25, 25, 25, 25, 25, 25, 25, 25, 25, 25, 25, 25, 25, 25, 25, 25, 25, 25, 25, 25, 25, 25, 25, 25, 25, 25,
	25, 25, 25, 25, 25, 25, 25, 25, 25, 25, 25, 25, 25, 25, 25, 25, 25, 25, 25, 25, 25, 25, 25, 25, 25, 25, 25, 25, 25, 25, 25, 25,
	25, 25, 25, 25, 25, 25, 25, 25, 25, 25, 25, 25, 25, 25, 25, 25, 25, 25, 25, 25, 25, 25, 25, 25, 25, 25, 25, 25, 25, 25, 25, 25,
	25, 25, 25, 25, 25, 25, 25, 25, 25, 25, 25, 25, 25, 25, 25, 25, 25, 25, 25, 25, 25, 25, 25, 25, 25, 25, 25, 25, 25, 25, 25, 25,
	25, 25, 25, 25, 25, 25, 25, 25, 25, 25, 25, 25, 25, 25, 25, 25, 25, 25, 25, 25, 25, 25, 25, 25, 25, 25, 25, 25, 25, 25, 25, 25,
	25, 25, 25, 25, 25, 25, 25, 25, 25, 25, 25, 25, 25, 25, 25, 25, 25, 25, 25, 25, 25, 25, 25, 25, 25, 25, 25, 25, 25, 25, 25, 25,
	25, 25, 25, 25, 25, 25, 25, 25, 25, 25, 25, 25, 25, 25, 25, 25, 25, 25, 25, 25, 25, 25, 25, 25, 25, 25, 25, 25, 25, 25, 25, 25,
	25, 25, 25, 25, 25, 25, 25, 25, 25, 25, 25, 25, 25, 25, 25, 25, 25, 25, 25, 25, 25, 25, 25, 25, 25, 25, 25, 25, 25, 25, 25, 25,
	25, 25, 25, 25, 25, 25, 25, 25, 25, 25, 25, 25, 25, 25, 25, 25, 25, 25, 25, 25, 25, 25, 25, 25, 25, 25, 25, 25, 25, 25, 25, 25,
	25, 25, 25, 25, 25, 25, 25, 25, 25, 25, 25, 25, 25, 25, 25, 25, 25, 25, 25, 25, 25, 25, 25, 25, 25, 25, 25, 25, 25, 25, 25, 25,
	25, 25, 25, 25, 25, 25, 25, 25, 25, 25, 25, 25, 25, 25, 25, 25, 25, 25, 25, 25, 25, 25, 25, 25, 25, 25, 25, 25, 25, 25, 25, 25,
	25, 25, 25, 25, 25, 25, 25, 25, 25, 25, 25, 25, 25, 25, 25, 25, 25, 25, 25, 25, 25, 25, 25, 25, 25, 25, 25, 25, 25, 25, 25, 25,
	25, 25, 25, 25, 25, 25, 25, 25, 25, 25, 25, 25, 25, 25, 25, 25, 25, 25, 25, 25, 25, 25, 25, 25, 25, 25, 25, 25, 25, 25, 25, 25,
	25, 25, 25, 25, 25, 25, 25, 25, 25, 25, 25, 25, 25, 25, 25, 25, 25, 25, 25, 25, 25, 25, 25, 25, 25, 25, 25, 25, 25, 25, 25, 25,
}
ADCUpperImageLimit = {
	230, 230, 230, 230, 230, 230, 230, 230, 230, 230, 230, 230, 230, 230, 230, 230, 230, 230, 230, 230, 230, 230, 230, 230, 230, 230, 230, 230, 230, 230, 230, 230,
	230, 230, 230, 230, 230, 230, 230, 230, 230, 230, 230, 230, 230, 230, 230, 230, 230, 230, 230, 230, 230, 230, 230, 230, 230, 230, 230, 230, 230, 230, 230, 230,
	230, 230, 230, 230, 230, 230, 230, 230, 230, 230, 230, 230, 230, 230, 230, 230, 230, 230, 230, 230, 230, 230, 230, 230, 230, 230, 230, 230, 230, 230, 230, 230,
	230, 230, 230, 230, 230, 230, 230, 230, 230, 230, 230, 230, 230, 230, 230, 230, 230, 230, 230, 230, 230, 230, 230, 230, 230, 230, 230, 230, 230, 230, 230, 230,
	230, 230, 230, 230, 230, 230, 230, 230, 230, 230, 230, 230, 230, 230, 230, 230, 230, 230, 230, 230, 230, 230, 230, 230, 230, 230, 230, 230, 230, 230, 230, 230,
	230, 230, 230, 230, 230, 230, 230, 230, 230, 230, 230, 230, 230, 230, 230, 230, 230, 230, 230, 230, 230, 230, 230, 230, 230, 230, 230, 230, 230, 230, 230, 230,
	230, 230, 230, 230, 230, 230, 230, 230, 230, 230, 230, 230, 230, 230, 230, 230, 230, 230, 230, 230, 230, 230, 230, 230, 230, 230, 230, 230, 230, 230, 230, 230,
	230, 230, 230, 230, 230, 230, 230, 230, 230, 230, 230, 230, 230, 230, 230, 230, 230, 230, 230, 230, 230, 230, 230, 230, 230, 230, 230, 230, 230, 230, 230, 230,
	230, 230, 230, 230, 230, 230, 230, 230, 230, 230, 230, 230, 230, 230, 230, 230, 230, 230, 230, 230, 230, 230, 230, 230, 230, 230, 230, 230, 230, 230, 230, 230,
	230, 230, 230, 230, 230, 230, 230, 230, 230, 230, 230, 230, 230, 230, 230, 230, 230, 230, 230, 230, 230, 230, 230, 230, 230, 230, 230, 230, 230, 230, 230, 230,
	230, 230, 230, 230, 230, 230, 230, 230, 230, 230, 230, 230, 230, 230, 230, 230, 230, 230, 230, 230, 230, 230, 230, 230, 230, 230, 230, 230, 230, 230, 230, 230,
	230, 230, 230, 230, 230, 230, 230, 230, 230, 230, 230, 230, 230, 230, 230, 230, 230, 230, 230, 230, 230, 230, 230, 230, 230, 230, 230, 230, 230, 230, 230, 230,
	230, 230, 230, 230, 230, 230, 230, 230, 230, 230, 230, 230, 230, 230, 230, 230, 230, 230, 230, 230, 230, 230, 230, 230, 230, 230, 230, 230, 230, 230, 230, 230,
	230, 230, 230, 230, 230, 230, 230, 230, 230, 230, 230, 230, 230, 230, 230, 230, 230, 230, 230, 230, 230, 230, 230, 230, 230, 230, 230, 230, 230, 230, 230, 230,
	230, 230, 230, 230, 230, 230, 230, 230, 230, 230, 230, 230, 230, 230, 230, 230, 230, 230, 230, 230, 230, 230, 230, 230, 230, 230, 230, 230, 230, 230, 230, 230,
	230, 230, 230, 230, 230, 230, 230, 230, 230, 230, 230, 230, 230, 230, 230, 230, 230, 230, 230, 230, 230, 230, 230, 230, 230, 230, 230, 230, 230, 230, 230, 230,
	230, 230, 230, 230, 230, 230, 230, 230, 230, 230, 230, 230, 230, 230, 230, 230, 230, 230, 230, 230, 230, 230, 230, 230, 230, 230, 230, 230, 230, 230, 230, 230,
	230, 230, 230, 230, 230, 230, 230, 230, 230, 230, 230, 230, 230, 230, 230, 230, 230, 230, 230, 230, 230, 230, 230, 230, 230, 230, 230, 230, 230, 230, 230, 230,
	230, 230, 230, 230, 230, 230, 230, 230, 230, 230, 230, 230, 230, 230, 230, 230, 230, 230, 230, 230, 230, 230, 230, 230, 230, 230, 230, 230, 230, 230, 230, 230,
	230, 230, 230, 230, 230, 230, 230, 230, 230, 230, 230, 230, 230, 230, 230, 230, 230, 230, 230, 230, 230, 230, 230, 230, 230, 230, 230, 230, 230, 230, 230, 230,
	230, 230, 230, 230, 230, 230, 230, 230, 230, 230, 230, 230, 230, 230, 230, 230, 230, 230, 230, 230, 230, 230, 230, 230, 230, 230, 230, 230, 230, 230, 230, 230,
	230, 230, 230, 230, 230, 230, 230, 230, 230, 230, 230, 230, 230, 230, 230, 230, 230, 230, 230, 230, 230, 230, 230, 230, 230, 230, 230, 230, 230, 230, 230, 230,
	230, 230, 230, 230, 230, 230, 230, 230, 230, 230, 230, 230, 230, 230, 230, 230, 230, 230, 230, 230, 230, 230, 230, 230, 230, 230, 230, 230, 230, 230, 230, 230,
	230, 230, 230, 230, 230, 230, 230, 230, 230, 230, 230, 230, 230, 230, 230, 230, 230, 230, 230, 230, 230, 230, 230, 230, 230, 230, 230, 230, 230, 230, 230, 230,
	230, 230, 230, 230, 230, 230, 230, 230, 230, 230, 230, 230, 230, 230, 230, 230, 230, 230, 230, 230, 230, 230, 230, 230, 230, 230, 230, 230, 230, 230, 230, 230,
	230, 230, 230, 230, 230, 230, 230, 230, 230, 230, 230, 230, 230, 230, 230, 230, 230, 230, 230, 230, 230, 230, 230, 230, 230, 230, 230, 230, 230, 230, 230, 230,
	230, 230, 230, 230, 230, 230, 230, 230, 230, 230, 230, 230, 230, 230, 230, 230, 230, 230, 230, 230, 230, 230, 230, 230, 230, 230, 230, 230, 230, 230, 230, 230,
	230, 230, 230, 230, 230, 230, 230, 230, 230, 230, 230, 230, 230, 230, 230, 230, 230, 230, 230, 230, 230, 230, 230, 230, 230, 230, 230, 230, 230, 230, 230, 230,
	230, 230, 230, 230, 230, 230, 230, 230, 230, 230, 230, 230, 230, 230, 230, 230, 230, 230, 230, 230, 230, 230, 230, 230, 230, 230, 230, 230, 230, 230, 230, 230,
	230, 230, 230, 230, 230, 230, 230, 230, 230, 230, 230, 230, 230, 230, 230, 230, 230, 230, 230, 230, 230, 230, 230, 230, 230, 230, 230, 230, 230, 230, 230, 230,
	230, 230, 230, 230, 230, 230, 230, 230, 230, 230, 230, 230, 230, 230, 230, 230, 230, 230, 230, 230, 230, 230, 230, 230, 230, 230, 230, 230, 230, 230, 230, 230,
	230, 230, 230, 230, 230, 230, 230, 230, 230, 230, 230, 230, 230, 230, 230, 230, 230, 230, 230, 230, 230, 230, 230, 230, 230, 230, 230, 230, 230, 230, 230, 230,
}
SensorSpeedLowerImageLimit = {
	-500, -500, -500, -500, -500, -500, -500, -500, -500, -500, -500, -500, -500, -500, -500, -500, -500, -500, -500, -500, -500, -500, -500, -500, -500, -500, -500, -500, -500, -500, -500, -500,
	-500, -500, -500, -500, -500, -500, -500, -500, -500, -500, -500, -500, -500, -500, -500, -500, -500, -500, -500, -500, -500, -500, -500, -500, -500, -500, -500, -500, -500, -500, -500, -500,
	-500, -500, -500, -500, -500, -500, -500, -500, -500, -500, -500, -500, -500, -500, -500, -500, -500, -500, -500, -500, -500, -500, -500, -500, -500, -500, -500, -500, -500, -500, -500, -500,
	-500, -500, -500, -500, -500, -500, -500, -500, -500, -500, -500, -500, -500, -500, -500, -500, -500, -500, -500, -500, -500, -500, -500, -500, -500, -500, -500, -500, -500, -500, -500, -500,
	-500, -500, -500, -500, -500, -500, -500, -500, -500, -500, -500, -500, -500, -500, -500, -500, -500, -500, -500, -500, -500, -500, -500, -500, -500, -500, -500, -500, -500, -500, -500, -500,
	-500, -500, -500, -500, -500, -500, -500, -500, -500, -500, -500, -500, -500, -500, -500, -500, -500, -500, -500, -500, -500, -500, -500, -500, -500, -500, -500, -500, -500, -500, -500, -500,
	-500, -500, -500, -500, -500, -500, -500, -500, -500, -500, -500, -500, -500, -500, -500, -500, -500, -500, -500, -500, -500, -500, -500, -500, -500, -500, -500, -500, -500, -500, -500, -500,
	-500, -500, -500, -500, -500, -500, -500, -500, -500, -500, -500, -500, -500, -500, -500, -500, -500, -500, -500, -500, -500, -500, -500, -500, -500, -500, -500, -500, -500, -500, -500, -500,
	-500, -500, -500, -500, -500, -500, -500, -500, -500, -500, -500, -500, -500, -500, -500, -500, -500, -500, -500, -500, -500, -500, -500, -500, -500, -500, -500, -500, -500, -500, -500, -500,
	-500, -500, -500, -500, -500, -500, -500, -500, -500, -500, -500, -500, -500, -500, -500, -500, -500, -500, -500, -500, -500, -500, -500, -500, -500, -500, -500, -500, -500, -500, -500, -500,
	-500, -500, -500, -500, -500, -500, -500, -500, -500, -500, -500, -500, -500, -500, -500, -500, -500, -500, -500, -500, -500, -500, -500, -500, -500, -500, -500, -500, -500, -500, -500, -500,
	-500, -500, -500, -500, -500, -500, -500, -500, -500, -500, -500, -500, -500, -500, -500, -500, -500, -500, -500, -500, -500, -500, -500, -500, -500, -500, -500, -500, -500, -500, -500, -500,
	-500, -500, -500, -500, -500, -500, -500, -500, -500, -500, -500, -500, -500, -500, -500, -500, -500, -500, -500, -500, -500, -500, -500, -500, -500, -500, -500, -500, -500, -500, -500, -500,
	-500, -500, -500, -500, -500, -500, -500, -500, -500, -500, -500, -500, -500, -500, -500, -500, -500, -500, -500, -500, -500, -500, -500, -500, -500, -500, -500, -500, -500, -500, -500, -500,
	-500, -500, -500, -500, -500, -500, -500, -500, -500, -500, -500, -500, -500, -500, -500, -500, -500, -500, -500, -500, -500, -500, -500, -500, -500, -500, -500, -500, -500, -500, -500, -500,
	-500, -500, -500, -500, -500, -500, -500, -500, -500, -500, -500, -500, -500, -500, -500, -500, -500, -500, -500, -500, -500, -500, -500, -500, -500, -500, -500, -500, -500, -500, -500, -500,
	-500, -500, -500, -500, -500, -500, -500, -500, -500, -500, -500, -500, -500, -500, -500, -500, -500, -500, -500, -500, -500, -500, -500, -500, -500, -500, -500, -500, -500, -500, -500, -500,
	-500, -500, -500, -500, -500, -500, -500, -500, -500, -500, -500, -500, -500, -500, -500, -500, -500, -500, -500, -500, -500, -500, -500, -500, -500, -500, -500, -500, -500, -500, -500, -500,
	-500, -500, -500, -500, -500, -500, -500, -500, -500, -500, -500, -500, -500, -500, -500, -500, -500, -500, -500, -500, -500, -500, -500, -500, -500, -500, -500, -500, -500, -500, -500, -500,
	-500, -500, -500, -500, -500, -500, -500, -500, -500, -500, -500, -500, -500, -500, -500, -500, -500, -500, -500, -500, -500, -500, -500, -500, -500, -500, -500, -500, -500, -500, -500, -500,
	-500, -500, -500, -500, -500, -500, -500, -500, -500, -500, -500, -500, -500, -500, -500, -500, -500, -500, -500, -500, -500, -500, -500, -500, -500, -500, -500, -500, -500, -500, -500, -500,
	-500, -500, -500, -500, -500, -500, -500, -500, -500, -500, -500, -500, -500, -500, -500, -500, -500, -500, -500, -500, -500, -500, -500, -500, -500, -500, -500, -500, -500, -500, -500, -500,
	-500, -500, -500, -500, -500, -500, -500, -500, -500, -500, -500, -500, -500, -500, -500, -500, -500, -500, -500, -500, -500, -500, -500, -500, -500, -500, -500, -500, -500, -500, -500, -500,
	-500, -500, -500, -500, -500, -500, -500, -500, -500, -500, -500, -500, -500, -500, -500, -500, -500, -500, -500, -500, -500, -500, -500, -500, -500, -500, -500, -500, -500, -500, -500, -500,
	-500, -500, -500, -500, -500, -500, -500, -500, -500, -500, -500, -500, -500, -500, -500, -500, -500, -500, -500, -500, -500, -500, -500, -500, -500, -500, -500, -500, -500, -500, -500, -500,
	-500, -500, -500, -500, -500, -500, -500, -500, -500, -500, -500, -500, -500, -500, -500, -500, -500, -500, -500, -500, -500, -500, -500, -500, -500, -500, -500, -500, -500, -500, -500, -500,
	-500, -500, -500, -500, -500, -500, -500, -500, -500, -500, -500, -500, -500, -500, -500, -500, -500, -500, -500, -500, -500, -500, -500, -500, -500, -500, -500, -500, -500, -500, -500, -500,
	-500, -500, -500, -500, -500, -500, -500, -500, -500, -500, -500, -500, -500, -500, -500, -500, -500, -500, -500, -500, -500, -500, -500, -500, -500, -500, -500, -500, -500, -500, -500, -500,
	-500, -500, -500, -500, -500, -500, -500, -500, -500, -500, -500, -500, -500, -500, -500, -500, -500, -500, -500, -500, -500, -500, -500, -500, -500, -500, -500, -500, -500, -500, -500, -500,
	-500, -500, -500, -500, -500, -500, -500, -500, -500, -500, -500, -500, -500, -500, -500, -500, -500, -500, -500, -500, -500, -500, -500, -500, -500, -500, -500, -500, -500, -500, -500, -500,
	-500, -500, -500, -500, -500, -500, -500, -500, -500, -500, -500, -500, -500, -500, -500, -500, -500, -500, -500, -500, -500, -500, -500, -500, -500, -500, -500, -500, -500, -500, -500, -500,
	-500, -500, -500, -500, -500, -500, -500, -500, -500, -500, -500, -500, -500, -500, -500, -500, -500, -500, -500, -500, -500, -500, -500, -500, -500, -500, -500, -500, -500, -500, -500, -500,
}
SensorSpeedUpperImageLimit = {
	500, 500, 500, 500, 500, 500, 500, 500, 500, 500, 500, 500, 500, 500, 500, 500, 500, 500, 500, 500, 500, 500, 500, 500, 500, 500, 500, 500, 500, 500, 500, 500,
	500, 500, 500, 500, 500, 500, 500, 500, 500, 500, 500, 500, 500, 500, 500, 500, 500, 500, 500, 500, 500, 500, 500, 500, 500, 500, 500, 500, 500, 500, 500, 500,
	500, 500, 500, 500, 500, 500, 500, 500, 500, 500, 500, 500, 500, 500, 500, 500, 500, 500, 500, 500, 500, 500, 500, 500, 500, 500, 500, 500, 500, 500, 500, 500,
	500, 500, 500, 500, 500, 500, 500, 500, 500, 500, 500, 500, 500, 500, 500, 500, 500, 500, 500, 500, 500, 500, 500, 500, 500, 500, 500, 500, 500, 500, 500, 500,
	500, 500, 500, 500, 500, 500, 500, 500, 500, 500, 500, 500, 500, 500, 500, 500, 500, 500, 500, 500, 500, 500, 500, 500, 500, 500, 500, 500, 500, 500, 500, 500,
	500, 500, 500, 500, 500, 500, 500, 500, 500, 500, 500, 500, 500, 500, 500, 500, 500, 500, 500, 500, 500, 500, 500, 500, 500, 500, 500, 500, 500, 500, 500, 500,
	500, 500, 500, 500, 500, 500, 500, 500, 500, 500, 500, 500, 500, 500, 500, 500, 500, 500, 500, 500, 500, 500, 500, 500, 500, 500, 500, 500, 500, 500, 500, 500,
	500, 500, 500, 500, 500, 500, 500, 500, 500, 500, 500, 500, 500, 500, 500, 500, 500, 500, 500, 500, 500, 500, 500, 500, 500, 500, 500, 500, 500, 500, 500, 500,
	500, 500, 500, 500, 500, 500, 500, 500, 500, 500, 500, 500, 500, 500, 500, 500, 500, 500, 500, 500, 500, 500, 500, 500, 500, 500, 500, 500, 500, 500, 500, 500,
	500, 500, 500, 500, 500, 500, 500, 500, 500, 500, 500, 500, 500, 500, 500, 500, 500, 500, 500, 500, 500, 500, 500, 500, 500, 500, 500, 500, 500, 500, 500, 500,
	500, 500, 500, 500, 500, 500, 500, 500, 500, 500, 500, 500, 500, 500, 500, 500, 500, 500, 500, 500, 500, 500, 500, 500, 500, 500, 500, 500, 500, 500, 500, 500,
	500, 500, 500, 500, 500, 500, 500, 500, 500, 500, 500, 500, 500, 500, 500, 500, 500, 500, 500, 500, 500, 500, 500, 500, 500, 500, 500, 500, 500, 500, 500, 500,
	500, 500, 500, 500, 500, 500, 500, 500, 500, 500, 500, 500, 500, 500, 500, 500, 500, 500, 500, 500, 500, 500, 500, 500, 500, 500, 500, 500, 500, 500, 500, 500,
	500, 500, 500, 500, 500, 500, 500, 500, 500, 500, 500, 500, 500, 500, 500, 500, 500, 500, 500, 500, 500, 500, 500, 500, 500, 500, 500, 500, 500, 500, 500, 500,
	500, 500, 500, 500, 500, 500, 500, 500, 500, 500, 500, 500, 500, 500, 500, 500, 500, 500, 500, 500, 500, 500, 500, 500, 500, 500, 500, 500, 500, 500, 500, 500,
	500, 500, 500, 500, 500, 500, 500, 500, 500, 500, 500, 500, 500, 500, 500, 500, 500, 500, 500, 500, 500, 500, 500, 500, 500, 500, 500, 500, 500, 500, 500, 500,
	500, 500, 500, 500, 500, 500, 500, 500, 500, 500, 500, 500, 500, 500, 500, 500, 500, 500, 500, 500, 500, 500, 500, 500, 500, 500, 500, 500, 500, 500, 500, 500,
	500, 500, 500, 500, 500, 500, 500, 500, 500, 500, 500, 500, 500, 500, 500, 500, 500, 500, 500, 500, 500, 500, 500, 500, 500, 500, 500, 500, 500, 500, 500, 500,
	500, 500, 500, 500, 500, 500, 500, 500, 500, 500, 500, 500, 500, 500, 500, 500, 500, 500, 500, 500, 500, 500, 500, 500, 500, 500, 500, 500, 500, 500, 500, 500,
	500, 500, 500, 500, 500, 500, 500, 500, 500, 500, 500, 500, 500, 500, 500, 500, 500, 500, 500, 500, 500, 500, 500, 500, 500, 500, 500, 500, 500, 500, 500, 500,
	500, 500, 500, 500, 500, 500, 500, 500, 500, 500, 500, 500, 500, 500, 500, 500, 500, 500, 500, 500, 500, 500, 500, 500, 500, 500, 500, 500, 500, 500, 500, 500,
	500, 500, 500, 500, 500, 500, 500, 500, 500, 500, 500, 500, 500, 500, 500, 500, 500, 500, 500, 500, 500, 500, 500, 500, 500, 500, 500, 500, 500, 500, 500, 500,
	500, 500, 500, 500, 500, 500, 500, 500, 500, 500, 500, 500, 500, 500, 500, 500, 500, 500, 500, 500, 500, 500, 500, 500, 500, 500, 500, 500, 500, 500, 500, 500,
	500, 500, 500, 500, 500, 500, 500, 500, 500, 500, 500, 500, 500, 500, 500, 500, 500, 500, 500, 500, 500, 500, 500, 500, 500, 500, 500, 500, 500, 500, 500, 500,
	500, 500, 500, 500, 500, 500, 500, 500, 500, 500, 500, 500, 500, 500, 500, 500, 500, 500, 500, 500, 500, 500, 500, 500, 500, 500, 500, 500, 500, 500, 500, 500,
	500, 500, 500, 500, 500, 500, 500, 500, 500, 500, 500, 500, 500, 500, 500, 500, 500, 500, 500, 500, 500, 500, 500, 500, 500, 500, 500, 500, 500, 500, 500, 500,
	500, 500, 500, 500, 500, 500, 500, 500, 500, 500, 500, 500, 500, 500, 500, 500, 500, 500, 500, 500, 500, 500, 500, 500, 500, 500, 500, 500, 500, 500, 500, 500,
	500, 500, 500, 500, 500, 500, 500, 500, 500, 500, 500, 500, 500, 500, 500, 500, 500, 500, 500, 500, 500, 500, 500, 500, 500, 500, 500, 500, 500, 500, 500, 500,
	500, 500, 500, 500, 500, 500, 500, 500, 500, 500, 500, 500, 500, 500, 500, 500, 500, 500, 500, 500, 500, 500, 500, 500, 500, 500, 500, 500, 500, 500, 500, 500,
	500, 500, 500, 500, 500, 500, 500, 500, 500, 500, 500, 500, 500, 500, 500, 500, 500, 500, 500, 500, 500, 500, 500, 500, 500, 500, 500, 500, 500, 500, 500, 500,
	500, 500, 500, 500, 500, 500, 500, 500, 500, 500, 500, 500, 500, 500, 500, 500, 500, 500, 500, 500, 500, 500, 500, 500, 500, 500, 500, 500, 500, 500, 500, 500,
	500, 500, 500, 500, 500, 500, 500, 500, 500, 500, 500, 500, 500, 500, 500, 500, 500, 500, 500, 500, 500, 500, 500, 500, 500, 500, 500, 500, 500, 500, 500, 500,
}
