LowerImageLimit = {
	300, 300, 300, 300, 300, 300, 300, 300, 300, 300, 300, 300, 300, 300, 300, 300, 300, 300, 300, 300, 300, 300, 300, 300, 300, 300, 300, 300, 300, 300, 300, 300,
	300, 300, 300, 300, 300, 300, 300, 300, 300, 300, 300, 300, 300, 300, 300, 300, 300, 300, 300, 300, 300, 300, 300, 300, 300, 300, 300, 300, 300, 300, 300, 300,
	300, 300, 300, 300, 300, 300, 300, 300, 300, 300, 300, 300, 300, 300, 300, 300, 300, 300, 300, 300, 300, 300, 300, 300, 300, 300, 300, 300, 300, 300, 300, 300,
	300, 300, 300, 300, 300, 300, 300, 300, 300, 300, 300, 300, 300, 300, 300, 300, 300, 300, 300, 300, 300, 300, 300, 300, 300, 300, 300, 300, 300, 300, 300, 300,
	300, 300, 300, 300, 300, 300, 300, 300, 300, 300, 300, 300, 300, 300, 300, 300, 300, 300, 300, 300, 300, 300, 300, 300, 300, 300, 300, 300, 300, 300, 300, 300,
	300, 300, 300, 300, 300, 300, 300, 300, 300, 300, 300, 300, 300, 300, 300, 300, 300, 300, 300, 300, 300, 300, 300, 300, 300, 300, 300, 300, 300, 300, 300, 300,
	300, 300, 300, 300, 300, 300, 300, 300, 300, 300, 300, 300, 300, 300, 300, 300, 300, 300, 300, 300, 300, 300, 300, 300, 300, 300, 300, 300, 300, 300, 300, 300,
	300, 300, 300, 300, 300, 300, 300, 300, 300, 300, 300, 300, 300, 300, 300, 300, 300, 300, 300, 300, 300, 300, 300, 300, 300, 300, 300, 300, 300, 300, 300, 300,
	300, 300, 300, 300, 300, 300, 300, 300, 300, 300, 300, 300, 300, 300, 300, 300, 300, 300, 300, 300, 300, 300, 300, 300, 300, 300, 300, 300, 300, 300, 300, 300,
	300, 300, 300, 300, 300, 300, 300, 300, 300, 300, 300, 300, 300, 300, 300, 300, 300, 300, 300, 300, 300, 300, 300, 300, 300, 300, 300, 300, 300, 300, 300, 300,
	300, 300, 300, 300, 300, 300, 300, 300, 300, 300, 300, 300, 300, 300, 300, 300, 300, 300, 300, 300, 300, 300, 300, 300, 300, 300, 300, 300, 300, 300, 300, 300,
	300, 300, 300, 300, 300, 300, 300, 300, 300, 300, 300, 300, 300, 300, 300, 300, 300, 300, 300, 300, 300, 300, 300, 300, 300, 300, 300, 300, 300, 300, 300, 300,
	300, 300, 300, 300, 300, 300, 300, 300, 300, 300, 300, 300, 300, 300, 300, 300, 300, 300, 300, 300, 300, 300, 300, 300, 300, 300, 300, 300, 300, 300, 300, 300,
	300, 300, 300, 300, 300, 300, 300, 300, 300, 300, 300, 300, 300, 300, 300, 300, 300, 300, 300, 300, 300, 300, 300, 300, 300, 300, 300, 300, 300, 300, 300, 300,
	300, 300, 300, 300, 300, 300, 300, 300, 300, 300, 300, 300, 300, 300, 300, 300, 300, 300, 300, 300, 300, 300, 300, 300, 300, 300, 300, 300, 300, 300, 300, 300,
	300, 300, 300, 300, 300, 300, 300, 300, 300, 300, 300, 300, 300, 300, 300, 300, 300, 300, 300, 300, 300, 300, 300, 300, 300, 300, 300, 300, 300, 300, 300, 300,
	300, 300, 300, 300, 300, 300, 300, 300, 300, 300, 300, 300, 300, 300, 300, 300, 300, 300, 300, 300, 300, 300, 300, 300, 300, 300, 300, 300, 300, 300, 300, 300,
	300, 300, 300, 300, 300, 300, 300, 300, 300, 300, 300, 300, 300, 300, 300, 300, 300, 300, 300, 300, 300, 300, 300, 300, 300, 300, 300, 300, 300, 300, 300, 300,
	300, 300, 300, 300, 300, 300, 300, 300, 300, 300, 300, 300, 300, 300, 300, 300, 300, 300, 300, 300, 300, 300, 300, 300, 300, 300, 300, 300, 300, 300, 300, 300,
	300, 300, 300, 300, 300, 300, 300, 300, 300, 300, 300, 300, 300, 300, 300, 300, 300, 300, 300, 300, 300, 300, 300, 300, 300, 300, 300, 300, 300, 300, 300, 300,
	300, 300, 300, 300, 300, 300, 300, 300, 300, 300, 300, 300, 300, 300, 300, 300, 300, 300, 300, 300, 300, 300, 300, 300, 300, 300, 300, 300, 300, 300, 300, 300,
	300, 300, 300, 300, 300, 300, 300, 300, 300, 300, 300, 300, 300, 300, 300, 300, 300, 300, 300, 300, 300, 300, 300, 300, 300, 300, 300, 300, 300, 300, 300, 300,
	300, 300, 300, 300, 300, 300, 300, 300, 300, 300, 300, 300, 300, 300, 300, 300, 300, 300, 300, 300, 300, 300, 300, 300, 300, 300, 300, 300, 300, 300, 300, 300,
	300, 300, 300, 300, 300, 300, 300, 300, 300, 300, 300, 300, 300, 300, 300, 300, 300, 300, 300, 300, 300, 300, 300, 300, 300, 300, 300, 300, 300, 300, 300, 300,
	300, 300, 300, 300, 300, 300, 300, 300, 300, 300, 300, 300, 300, 300, 300, 300, 300, 300, 300, 300, 300, 300, 300, 300, 300, 300, 300, 300, 300, 300, 300, 300,
	300, 300, 300, 300, 300, 300, 300, 300, 300, 300, 300, 300, 300, 300, 300, 300, 300, 300, 300, 300, 300, 300, 300, 300, 300, 300, 300, 300, 300, 300, 300, 300,
	300, 300, 300, 300, 300, 300, 300, 300, 300, 300, 300, 300, 300, 300, 300, 300, 300, 300, 300, 300, 300, 300, 300, 300, 300, 300, 300, 300, 300, 300, 300, 300,
	300, 300, 300, 300, 300, 300, 300, 300, 300, 300, 300, 300, 300, 300, 300, 300, 300, 300, 300, 300, 300, 300, 300, 300, 300, 300, 300, 300, 300, 300, 300, 300,
	300, 300, 300, 300, 300, 300, 300, 300, 300, 300, 300, 300, 300, 300, 300, 300, 300, 300, 300, 300, 300, 300, 300, 300, 300, 300, 300, 300, 300, 300, 300, 300,
	300, 300, 300, 300, 300, 300, 300, 300, 300, 300, 300, 300, 300, 300, 300, 300, 300, 300, 300, 300, 300, 300, 300, 300, 300, 300, 300, 300, 300, 300, 300, 300,
	300, 300, 300, 300, 300, 300, 300, 300, 300, 300, 300, 300, 300, 300, 300, 300, 300, 300, 300, 300, 300, 300, 300, 300, 300, 300, 300, 300, 300, 300, 300, 300,
	300, 300, 300, 300, 300, 300, 300, 300, 300, 300, 300, 300, 300, 300, 300, 300, 300, 300, 300, 300, 300, 300, 300, 300, 300, 300, 300, 300, 300, 300, 300, 300,
}
UpperImageLimit = {
	5500, 5500, 5500, 5500, 5500, 5500, 5500, 5500, 5500, 5500, 5500, 5500, 5500, 5500, 5500, 5500, 5500, 5500, 5500, 5500, 5500, 5500, 5500, 5500, 5500, 5500, 5500, 5500, 5500, 5500, 5500, 5500,
	5500, 5500, 5500, 5500, 5500, 5500, 5500, 5500, 5500, 5500, 5500, 5500, 5500, 5500, 5500, 5500, 5500, 5500, 5500, 5500, 5500, 5500, 5500, 5500, 5500, 5500, 5500, 5500, 5500, 5500, 5500, 5500,
	5500, 5500, 5500, 5500, 5500, 5500, 5500, 5500, 5500, 5500, 5500, 5500, 5500, 5500, 5500, 5500, 5500, 5500, 5500, 5500, 5500, 5500, 5500, 5500, 5500, 5500, 5500, 5500, 5500, 5500, 5500, 5500,
	5500, 5500, 5500, 5500, 5500, 5500, 5500, 5500, 5500, 5500, 5500, 5500, 5500, 5500, 5500, 5500, 5500, 5500, 5500, 5500, 5500, 5500, 5500, 5500, 5500, 5500, 5500, 5500, 5500, 5500, 5500, 5500,
	5500, 5500, 5500, 5500, 5500, 5500, 5500, 5500, 5500, 5500, 5500, 5500, 5500, 5500, 5500, 5500, 5500, 5500, 5500, 5500, 5500, 5500, 5500, 5500, 5500, 5500, 5500, 5500, 5500, 5500, 5500, 5500,
	5500, 5500, 5500, 5500, 5500, 5500, 5500, 5500, 5500, 5500, 5500, 5500, 5500, 5500, 5500, 5500, 5500, 5500, 5500, 5500, 5500, 5500, 5500, 5500, 5500, 5500, 5500, 5500, 5500, 5500, 5500, 5500,
	5500, 5500, 5500, 5500, 5500, 5500, 5500, 5500, 5500, 5500, 5500, 5500, 5500, 5500, 5500, 5500, 5500, 5500, 5500, 5500, 5500, 5500, 5500, 5500, 5500, 5500, 5500, 5500, 5500, 5500, 5500, 5500,
	5500, 5500, 5500, 5500, 5500, 5500, 5500, 5500, 5500, 5500, 5500, 5500, 5500, 5500, 5500, 5500, 5500, 5500, 5500, 5500, 5500, 5500, 5500, 5500, 5500, 5500, 5500, 5500, 5500, 5500, 5500, 5500,
	5500, 5500, 5500, 5500, 5500, 5500, 5500, 5500, 5500, 5500, 5500, 5500, 5500, 5500, 5500, 5500, 5500, 5500, 5500, 5500, 5500, 5500, 5500, 5500, 5500, 5500, 5500, 5500, 5500, 5500, 5500, 5500,
	5500, 5500, 5500, 5500, 5500, 5500, 5500, 5500, 5500, 5500, 5500, 5500, 5500, 5500, 5500, 5500, 5500, 5500, 5500, 5500, 5500, 5500, 5500, 5500, 5500, 5500, 5500, 5500, 5500, 5500, 5500, 5500,
	5500, 5500, 5500, 5500, 5500, 5500, 5500, 5500, 5500, 5500, 5500, 5500, 5500, 5500, 5500, 5500, 5500, 5500, 5500, 5500, 5500, 5500, 5500, 5500, 5500, 5500, 5500, 5500, 5500, 5500, 5500, 5500,
	5500, 5500, 5500, 5500, 5500, 5500, 5500, 5500, 5500, 5500, 5500, 5500, 5500, 5500, 5500, 5500, 5500, 5500, 5500, 5500, 5500, 5500, 5500, 5500, 5500, 5500, 5500, 5500, 5500, 5500, 5500, 5500,
	5500, 5500, 5500, 5500, 5500, 5500, 5500, 5500, 5500, 5500, 5500, 5500, 5500, 5500, 5500, 5500, 5500, 5500, 5500, 5500, 5500, 5500, 5500, 5500, 5500, 5500, 5500, 5500, 5500, 5500, 5500, 5500,
	5500, 5500, 5500, 5500, 5500, 5500, 5500, 5500, 5500, 5500, 5500, 5500, 5500, 5500, 5500, 5500, 5500, 5500, 5500, 5500, 5500, 5500, 5500, 5500, 5500, 5500, 5500, 5500, 5500, 5500, 5500, 5500,
	5500, 5500, 5500, 5500, 5500, 5500, 5500, 5500, 5500, 5500, 5500, 5500, 5500, 5500, 5500, 5500, 5500, 5500, 5500, 5500, 5500, 5500, 5500, 5500, 5500, 5500, 5500, 5500, 5500, 5500, 5500, 5500,
	5500, 5500, 5500, 5500, 5500, 5500, 5500, 5500, 5500, 5500, 5500, 5500, 5500, 5500, 5500, 5500, 5500, 5500, 5500, 5500, 5500, 5500, 5500, 5500, 5500, 5500, 5500, 5500, 5500, 5500, 5500, 5500,
	5500, 5500, 5500, 5500, 5500, 5500, 5500, 5500, 5500, 5500, 5500, 5500, 5500, 5500, 5500, 5500, 5500, 5500, 5500, 5500, 5500, 5500, 5500, 5500, 5500, 5500, 5500, 5500, 5500, 5500, 5500, 5500,
	5500, 5500, 5500, 5500, 5500, 5500, 5500, 5500, 5500, 5500, 5500, 5500, 5500, 5500, 5500, 5500, 5500, 5500, 5500, 5500, 5500, 5500, 5500, 5500, 5500, 5500, 5500, 5500, 5500, 5500, 5500, 5500,
	5500, 5500, 5500, 5500, 5500, 5500, 5500, 5500, 5500, 5500, 5500, 5500, 5500, 5500, 5500, 5500, 5500, 5500, 5500, 5500, 5500, 5500, 5500, 5500, 5500, 5500, 5500, 5500, 5500, 5500, 5500, 5500,
	5500, 5500, 5500, 5500, 5500, 5500, 5500, 5500, 5500, 5500, 5500, 5500, 5500, 5500, 5500, 5500, 5500, 5500, 5500, 5500, 5500, 5500, 5500, 5500, 5500, 5500, 5500, 5500, 5500, 5500, 5500, 5500,
	5500, 5500, 5500, 5500, 5500, 5500, 5500, 5500, 5500, 5500, 5500, 5500, 5500, 5500, 5500, 5500, 5500, 5500, 5500, 5500, 5500, 5500, 5500, 5500, 5500, 5500, 5500, 5500, 5500, 5500, 5500, 5500,
	5500, 5500, 5500, 5500, 5500, 5500, 5500, 5500, 5500, 5500, 5500, 5500, 5500, 5500, 5500, 5500, 5500, 5500, 5500, 5500, 5500, 5500, 5500, 5500, 5500, 5500, 5500, 5500, 5500, 5500, 5500, 5500,
	5500, 5500, 5500, 5500, 5500, 5500, 5500, 5500, 5500, 5500, 5500, 5500, 5500, 5500, 5500, 5500, 5500, 5500, 5500, 5500, 5500, 5500, 5500, 5500, 5500, 5500, 5500, 5500, 5500, 5500, 5500, 5500,
	5500, 5500, 5500, 5500, 5500, 5500, 5500, 5500, 5500, 5500, 5500, 5500, 5500, 5500, 5500, 5500, 5500, 5500, 5500, 5500, 5500, 5500, 5500, 5500, 5500, 5500, 5500, 5500, 5500, 5500, 5500, 5500,
	5500, 5500, 5500, 5500, 5500, 5500, 5500, 5500, 5500, 5500, 5500, 5500, 5500, 5500, 5500, 5500, 5500, 5500, 5500, 5500, 5500, 5500, 5500, 5500, 5500, 5500, 5500, 5500, 5500, 5500, 5500, 5500,
	5500, 5500, 5500, 5500, 5500, 5500, 5500, 5500, 5500, 5500, 5500, 5500, 5500, 5500, 5500, 5500, 5500, 5500, 5500, 5500, 5500, 5500, 5500, 5500, 5500, 5500, 5500, 5500, 5500, 5500, 5500, 5500,
	5500, 5500, 5500, 5500, 5500, 5500, 5500, 5500, 5500, 5500, 5500, 5500, 5500, 5500, 5500, 5500, 5500, 5500, 5500, 5500, 5500, 5500, 5500, 5500, 5500, 5500, 5500, 5500, 5500, 5500, 5500, 5500,
	5500, 5500, 5500, 5500, 5500, 5500, 5500, 5500, 5500, 5500, 5500, 5500, 5500, 5500, 5500, 5500, 5500, 5500, 5500, 5500, 5500, 5500, 5500, 5500, 5500, 5500, 5500, 5500, 5500, 5500, 5500, 5500,
	5500, 5500, 5500, 5500, 5500, 5500, 5500, 5500, 5500, 5500, 5500, 5500, 5500, 5500, 5500, 5500, 5500, 5500, 5500, 5500, 5500, 5500, 5500, 5500, 5500, 5500, 5500, 5500, 5500, 5500, 5500, 5500,
	5500, 5500, 5500, 5500, 5500, 5500, 5500, 5500, 5500, 5500, 5500, 5500, 5500, 5500, 5500, 5500, 5500, 5500, 5500, 5500, 5500, 5500, 5500, 5500, 5500, 5500, 5500, 5500, 5500, 5500, 5500, 5500,
	5500, 5500, 5500, 5500, 5500, 5500, 5500, 5500, 5500, 5500, 5500, 5500, 5500, 5500, 5500, 5500, 5500, 5500, 5500, 5500, 5500, 5500, 5500, 5500, 5500, 5500, 5500, 5500, 5500, 5500, 5500, 5500,
	5500, 5500, 5500, 5500, 5500, 5500, 5500, 5500, 5500, 5500, 5500, 5500, 5500, 5500, 5500, 5500, 5500, 5500, 5500, 5500, 5500, 5500, 5500, 5500, 5500, 5500, 5500, 5500, 5500, 5500, 5500, 5500,
}
ADCLowerImageLimit = {
	25, 25, 25, 25, 25, 25, 25, 25, 25, 25, 25, 25, 25, 25, 25, 25, 25, 25, 25, 25, 25, 25, 25, 25, 25, 25, 25, 25, 25, 25, 25, 25,
	25, 25, 25, 25, 25, 25, 25, 25, 25, 25, 25, 25, 25, 25, 25, 25, 25, 25, 25, 25, 25, 25, 25, 25, 25, 25, 25, 25, 25, 25, 25, 25,
	25, 25, 25, 25, 25, 25, 25, 25, 25, 25, 25, 25, 25, 25, 25, 25, 25, 25, 25, 25, 25, 25, 25, 25, 25, 25, 25, 25, 25, 25, 25, 25,
	25, 25, 25, 25, 25, 25, 25, 25, 25, 25, 25, 25, 25, 25, 25, 25, 25, 25, 25, 25, 25, 25, 25, 25, 25, 25, 25, 25, 25, 25, 25, 25,
	25, 25, 25, 25, 25, 25, 25, 25, 25, 25, 25, 25, 25, 25, 25, 25, 25, 25, 25, 25, 25, 25, 25, 25, 25, 25, 25, 25, 25, 25, 25, 25,
	25, 25, 25, 25, 25, 25, 25, 25, 25, 25, 25, 25, 25, 25, 25, 25, 25, 25, 25, 25, 25, 25, 25, 25, 25, 25, 25, 25, 25, 25, 25, 25,
	25, 25, 25, 25, 25, 25, 25, 25, 25, 25, 25, 25, 25, 25, 25, 25, 25, 25, 25, 25, 25, 25, 25, 25, 25, 25, 25, 25, 25, 25, 25, 25,
	25, 25, 25, 25, 25, 25, 25, 25, 25, 25, 25, 25, 25, 25, 25, 25, 25, 25, 25, 25, 25, 25, 25, 25, 25, 25, 25, 25, 25, 25, 25, 25,
	25, 25, 25, 25, 25, 25, 25, 25, 25, 25, 25, 25, 25, 25, 25, 25, 25, 25, 25, 25, 25, 25, 25, 25, 25, 25, 25, 25, 25, 25, 25, 25,
	25, 25, 25, 25, 25, 25, 25, 25, 25, 25, 25, 25, 25, 25, 25, 25, 25, 25, 25, 25, 25, 25, 25, 25, 25, 25, 25, 25, 25, 25, 25, 25,
	25, 25, 25, 25, 25, 25, 25, 25, 25, 25, 25, 25, 25, 25, 25, 25, 25, 25, 25, 25, 25, 25, 25, 25, 25, 25, 25, 25, 25, 25, 25, 25,
	25, 25, 25, 25, 25, 25, 25, 25, 25, 25, 25, 25, 25, 25, 25, 25, 25, 25, 25, 25, 25, 25, 25, 25, 25, 25, 25, 25, 25, 25, 25, 25,
	25, 25, 25, 25, 25, 25, 25, 25, 25, 25, 25, 25, 25, 25, 25, 25, 25, 25, 25, 25, 25, 25, 25, 25, 25, 25, 25, 25, 25, 25, 25, 25,
	25, 25, 25, 25, 25, 25, 25, 25, 25, 25, 25, 25, 25, 25, 25, 25, 25, 25, 25, 25, 25, 25, 25, 25, 25, 25, 25, 25, 25, 25, 25, 25,
	25, 25, 25, 25, 25, 25, 25, 25, 25, 25, 25, 25, 25, 25, 25, 25, 25, 25, 25, 25, 25, 25, 25, 25, 25, 25, 25, 25, 25, 25, 25, 25,
	25, 25, 25, 25, 25, 25, 25, 25, 25, 25, 25, 25, 25, 25, 25, 25, 25, 25, 25, 25, 25, 25, 25, 25, 25, 25, 25, 25, 25, 25, 25, 25,
	25, 25, 25, 25, 25, 25, 25, 25, 25, 25, 25, 25, 25, 25, 25, 25, 25, 25, 25, 25, 25, 25, 25, 25, 25, 25, 25, 25, 25, 25, 25, 25,
	25, 25, 25, 25, 25, 25, 25, 25, 25, 25, 25, 25, 25, 25, 25, 25, 25, 25, 25, 25, 25, 25, 25, 25, 25, 25, 25, 25, 25, 25, 25, 25,
	25, 25, 25, 25, 25, 25, 25, 25, 25, 25, 25, 25, 25, 25, 25, 25, 25, 25, 25, 25, 25, 25, 25, 25, 25, 25, 25, 25, 25, 25, 25, 25,
	25, 25, 25, 25, 25, 25, 25, 25, 25, 25, 25, 25, 25, 25, 25, 25, 25, 25, 25, 25, 25, 25, 25, 25, 25, 25, 25, 25, 25, 25, 25, 25,
	25, 25, 25, 25, 25, 25, 25, 25, 25, 25, 25, 25, 25, 25, 25, 25, 25, 25, 25, 25, 25, 25, 25, 25, 25, 25, 25, 25, 25, 25, 25, 25,
	25, 25, 25, 25, 25, 25, 25, 25, 25, 25, 25, 25, 25, 25, 25, 25, 25, 25, 25, 25, 25, 25, 25, 25, 25, 25, 25, 25, 25, 25, 25, 25,
	25, 25, 25, 25, 25, 25, 25, 25, 25, 25, 25, 25, 25, 25, 25, 25, 25, 25, 25, 25, 25, 25, 25, 25, 25, 25, 25, 25, 25, 25, 25, 25,
	25, 25, 25, 25, 25, 25, 25, 25, 25, 25, 25, 25, 25, 25, 25, 25, 25, 25, 25, 25, 25, 25, 25, 25, 25, 25, 25, 25, 25, 25, 25, 25,
	25, 25, 25, 25, 25, 25, 25, 25, 25, 25, 25, 25, 25, 25, 25, 25, 25, 25, 25, 25, 25, 25, 25, 25, 25, 25, 25, 25, 25, 25, 25, 25,
	25, 25, 25, 25, 25, 25, 25, 25, 25, 25, 25, 25, 25, 25, 25, 25, 25, 25, 25, 25, 25, 25, 25, 25, 25, 25, 25, 25, 25, 25, 25, 25,
	25, 25, 25, 25, 25, 25, 25, 25, 25, 25, 25, 25, 25, 25, 25, 25, 25, 25, 25, 25, 25, 25, 25, 25, 25, 25, 25, 25, 25, 25, 25, 25,
	25, 25, 25, 25, 25, 25, 25, 25, 25, 25, 25, 25, 25, 25, 25, 25, 25, 25, 25, 25, 25, 25, 25, 25, 25, 25, 25, 25, 25, 25, 25, 25,
	25, 25, 25, 25, 25, 25, 25, 25, 25, 25, 25, 25, 25, 25, 25, 25, 25, 25, 25, 25, 25, 25, 25, 25, 25, 25, 25, 25, 25, 25, 25, 25,
	25, 25, 25, 25, 25, 25, 25, 25, 25, 25, 25, 25, 25, 25, 25, 25, 25, 25, 25, 25, 25, 25, 25, 25, 25, 25, 25, 25, 25, 25, 25, 25,
	25, 25, 25, 25, 25, 25, 25, 25, 25, 25, 25, 25, 25, 25, 25, 25, 25, 25, 25, 25, 25, 25, 25, 25, 25, 25, 25, 25, 25, 25, 25, 25,
	25, 25, 25, 25, 25, 25, 25, 25, 25, 25, 25, 25, 25, 25, 25, 25, 25, 25, 25, 25, 25, 25, 25, 25, 25, 25, 25, 25, 25, 25, 25, 25,
}
ADCUpperImageLimit = {
	230, 230, 230, 230, 230, 230, 230, 230, 230, 230, 230, 230, 230, 230, 230, 230, 230, 230, 230, 230, 230, 230, 230, 230, 230, 230, 230, 230, 230, 230, 230, 230,
	230, 230, 230, 230, 230, 230, 230, 230, 230, 230, 230, 230, 230, 230, 230, 230, 230, 230, 230, 230, 230, 230, 230, 230, 230, 230, 230, 230, 230, 230, 230, 230,
	230, 230, 230, 230, 230, 230, 230, 230, 230, 230, 230, 230, 230, 230, 230, 230, 230, 230, 230, 230, 230, 230, 230, 230, 230, 230, 230, 230, 230, 230, 230, 230,
	230, 230, 230, 230, 230, 230, 230, 230, 230, 230, 230, 230, 230, 230, 230, 230, 230, 230, 230, 230, 230, 230, 230, 230, 230, 230, 230, 230, 230, 230, 230, 230,
	230, 230, 230, 230, 230, 230, 230, 230, 230, 230, 230, 230, 230, 230, 230, 230, 230, 230, 230, 230, 230, 230, 230, 230, 230, 230, 230, 230, 230, 230, 230, 230,
	230, 230, 230, 230, 230, 230, 230, 230, 230, 230, 230, 230, 230, 230, 230, 230, 230, 230, 230, 230, 230, 230, 230, 230, 230, 230, 230, 230, 230, 230, 230, 230,
	230, 230, 230, 230, 230, 230, 230, 230, 230, 230, 230, 230, 230, 230, 230, 230, 230, 230, 230, 230, 230, 230, 230, 230, 230, 230, 230, 230, 230, 230, 230, 230,
	230, 230, 230, 230, 230, 230, 230, 230, 230, 230, 230, 230, 230, 230, 230, 230, 230, 230, 230, 230, 230, 230, 230, 230, 230, 230, 230, 230, 230, 230, 230, 230,
	230, 230, 230, 230, 230, 230, 230, 230, 230, 230, 230, 230, 230, 230, 230, 230, 230, 230, 230, 230, 230, 230, 230, 230, 230, 230, 230, 230, 230, 230, 230, 230,
	230, 230, 230, 230, 230, 230, 230, 230, 230, 230, 230, 230, 230, 230, 230, 230, 230, 230, 230, 230, 230, 230, 230, 230, 230, 230, 230, 230, 230, 230, 230, 230,
	230, 230, 230, 230, 230, 230, 230, 230, 230, 230, 230, 230, 230, 230, 230, 230, 230, 230, 230, 230, 230, 230, 230, 230, 230, 230, 230, 230, 230, 230, 230, 230,
	230, 230, 230, 230, 230, 230, 230, 230, 230, 230, 230, 230, 230, 230, 230, 230, 230, 230, 230, 230, 230, 230, 230, 230, 230, 230, 230, 230, 230, 230, 230, 230,
	230, 230, 230, 230, 230, 230, 230, 230, 230, 230, 230, 230, 230, 230, 230, 230, 230, 230, 230, 230, 230, 230, 230, 230, 230, 230, 230, 230, 230, 230, 230, 230,
	230, 230, 230, 230, 230, 230, 230, 230, 230, 230, 230, 230, 230, 230, 230, 230, 230, 230, 230, 230, 230, 230, 230, 230, 230, 230, 230, 230, 230, 230, 230, 230,
	230, 230, 230, 230, 230, 230, 230, 230, 230, 230, 230, 230, 230, 230, 230, 230, 230, 230, 230, 230, 230, 230, 230, 230, 230, 230, 230, 230, 230, 230, 230, 230,
	230, 230, 230, 230, 230, 230, 230, 230, 230, 230, 230, 230, 230, 230, 230, 230, 230, 230, 230, 230, 230, 230, 230, 230, 230, 230, 230, 230, 230, 230, 230, 230,
	230, 230, 230, 230, 230, 230, 230, 230, 230, 230, 230, 230, 230, 230, 230, 230, 230, 230, 230, 230, 230, 230, 230, 230, 230, 230, 230, 230, 230, 230, 230, 230,
	230, 230, 230, 230, 230, 230, 230, 230, 230, 230, 230, 230, 230, 230, 230, 230, 230, 230, 230, 230, 230, 230, 230, 230, 230, 230, 230, 230, 230, 230, 230, 230,
	230, 230, 230, 230, 230, 230, 230, 230, 230, 230, 230, 230, 230, 230, 230, 230, 230, 230, 230, 230, 230, 230, 230, 230, 230, 230, 230, 230, 230, 230, 230, 230,
	230, 230, 230, 230, 230, 230, 230, 230, 230, 230, 230, 230, 230, 230, 230, 230, 230, 230, 230, 230, 230, 230, 230, 230, 230, 230, 230, 230, 230, 230, 230, 230,
	230, 230, 230, 230, 230, 230, 230, 230, 230, 230, 230, 230, 230, 230, 230, 230, 230, 230, 230, 230, 230, 230, 230, 230, 230, 230, 230, 230, 230, 230, 230, 230,
	230, 230, 230, 230, 230, 230, 230, 230, 230, 230, 230, 230, 230, 230, 230, 230, 230, 230, 230, 230, 230, 230, 230, 230, 230, 230, 230, 230, 230, 230, 230, 230,
	230, 230, 230, 230, 230, 230, 230, 230, 230, 230, 230, 230, 230, 230, 230, 230, 230, 230, 230, 230, 230, 230, 230, 230, 230, 230, 230, 230, 230, 230, 230, 230,
	230, 230, 230, 230, 230, 230, 230, 230, 230, 230, 230, 230, 230, 230, 230, 230, 230, 230, 230, 230, 230, 230, 230, 230, 230, 230, 230, 230, 230, 230, 230, 230,
	230, 230, 230, 230, 230, 230, 230, 230, 230, 230, 230, 230, 230, 230, 230, 230, 230, 230, 230, 230, 230, 230, 230, 230, 230, 230, 230, 230, 230, 230, 230, 230,
	230, 230, 230, 230, 230, 230, 230, 230, 230, 230, 230, 230, 230, 230, 230, 230, 230, 230, 230, 230, 230, 230, 230, 230, 230, 230, 230, 230, 230, 230, 230, 230,
	230, 230, 230, 230, 230, 230, 230, 230, 230, 230, 230, 230, 230, 230, 230, 230, 230, 230, 230, 230, 230, 230, 230, 230, 230, 230, 230, 230, 230, 230, 230, 230,
	230, 230, 230, 230, 230, 230, 230, 230, 230, 230, 230, 230, 230, 230, 230, 230, 230, 230, 230, 230, 230, 230, 230, 230, 230, 230, 230, 230, 230, 230, 230, 230,
	230, 230, 230, 230, 230, 230, 230, 230, 230, 230, 230, 230, 230, 230, 230, 230, 230, 230, 230, 230, 230, 230, 230, 230, 230, 230, 230, 230, 230, 230, 230, 230,
	230, 230, 230, 230, 230, 230, 230, 230, 230, 230, 230, 230, 230, 230, 230, 230, 230, 230, 230, 230, 230, 230, 230, 230, 230, 230, 230, 230, 230, 230, 230, 230,
	230, 230, 230, 230, 230, 230, 230, 230, 230, 230, 230, 230, 230, 230, 230, 230, 230, 230, 230, 230, 230, 230, 230, 230, 230, 230, 230, 230, 230, 230, 230, 230,
	230, 230, 230, 230, 230, 230, 230, 230, 230, 230, 230, 230, 230, 230, 230, 230, 230, 230, 230, 230, 230, 230, 230, 230, 230, 230, 230, 230, 230, 230, 230, 230,
}
SensorSpeedLowerImageLimit = {
	-500, -500, -500, -500, -500, -500, -500, -500, -500, -500, -500, -500, -500, -500, -500, -500, -500, -500, -500, -500, -500, -500, -500, -500, -500, -500, -500, -500, -500, -500, -500, -500,
	-500, -500, -500, -500, -500, -500, -500, -500, -500, -500, -500, -500, -500, -500, -500, -500, -500, -500, -500, -500, -500, -500, -500, -500, -500, -500, -500, -500, -500, -500, -500, -500,
	-500, -500, -500, -500, -500, -500, -500, -500, -500, -500, -500, -500, -500, -500, -500, -500, -500, -500, -500, -500, -500, -500, -500, -500, -500, -500, -500, -500, -500, -500, -500, -500,
	-500, -500, -500, -500, -500, -500, -500, -500, -500, -500, -500, -500, -500, -500, -500, -500, -500, -500, -500, -500, -500, -500, -500, -500, -500, -500, -500, -500, -500, -500, -500, -500,
	-500, -500, -500, -500, -500, -500, -500, -500, -500, -500, -500, -500, -500, -500, -500, -500, -500, -500, -500, -500, -500, -500, -500, -500, -500, -500, -500, -500, -500, -500, -500, -500,
	-500, -500, -500, -500, -500, -500, -500, -500, -500, -500, -500, -500, -500, -500, -500, -500, -500, -500, -500, -500, -500, -500, -500, -500, -500, -500, -500, -500, -500, -500, -500, -500,
	-500, -500, -500, -500, -500, -500, -500, -500, -500, -500, -500, -500, -500, -500, -500, -500, -500, -500, -500, -500, -500, -500, -500, -500, -500, -500, -500, -500, -500, -500, -500, -500,
	-500, -500, -500, -500, -500, -500, -500, -500, -500, -500, -500, -500, -500, -500, -500, -500, -500, -500, -500, -500, -500, -500, -500, -500, -500, -500, -500, -500, -500, -500, -500, -500,
	-500, -500, -500, -500, -500, -500, -500, -500, -500, -500, -500, -500, -500, -500, -500, -500, -500, -500, -500, -500, -500, -500, -500, -500, -500, -500, -500, -500, -500, -500, -500, -500,
	-500, -500, -500, -500, -500, -500, -500, -500, -500, -500, -500, -500, -500, -500, -500, -500, -500, -500, -500, -500, -500, -500, -500, -500, -500, -500, -500, -500, -500, -500, -500, -500,
	-500, -500, -500, -500, -500, -500, -500, -500, -500, -500, -500, -500, -500, -500, -500, -500, -500, -500, -500, -500, -500, -500, -500, -500, -500, -500, -500, -500, -500, -500, -500, -500,
	-500, -500, -500, -500, -500, -500, -500, -500, -500, -500, -500, -500, -500, -500, -500, -500, -500, -500, -500, -500, -500, -500, -500, -500, -500, -500, -500, -500, -500, -500, -500, -500,
	-500, -500, -500, -500, -500, -500, -500, -500, -500, -500, -500, -500, -500, -500, -500, -500, -500, -500, -500, -500, -500, -500, -500, -500, -500, -500, -500, -500, -500, -500, -500, -500,
	-500, -500, -500, -500, -500, -500, -500, -500, -500, -500, -500, -500, -500, -500, -500, -500, -500, -500, -500, -500, -500, -500, -500, -500, -500, -500, -500, -500, -500, -500, -500, -500,
	-500, -500, -500, -500, -500, -500, -500, -500, -500, -500, -500, -500, -500, -500, -500, -500, -500, -500, -500, -500, -500, -500, -500, -500, -500, -500, -500, -500, -500, -500, -500, -500,
	-500, -500, -500, -500, -500, -500, -500, -500, -500, -500, -500, -500, -500, -500, -500, -500, -500, -500, -500, -500, -500, -500, -500, -500, -500, -500, -500, -500, -500, -500, -500, -500,
	-500, -500, -500, -500, -500, -500, -500, -500, -500, -500, -500, -500, -500, -500, -500, -500, -500, -500, -500, -500, -500, -500, -500, -500, -500, -500, -500, -500, -500, -500, -500, -500,
	-500, -500, -500, -500, -500, -500, -500, -500, -500, -500, -500, -500, -500, -500, -500, -500, -500, -500, -500, -500, -500, -500, -500, -500, -500, -500, -500, -500, -500, -500, -500, -500,
	-500, -500, -500, -500, -500, -500, -500, -500, -500, -500, -500, -500, -500, -500, -500, -500, -500, -500, -500, -500, -500, -500, -500, -500, -500, -500, -500, -500, -500, -500, -500, -500,
	-500, -500, -500, -500, -500, -500, -500, -500, -500, -500, -500, -500, -500, -500, -500, -500, -500, -500, -500, -500, -500, -500, -500, -500, -500, -500, -500, -500, -500, -500, -500, -500,
	-500, -500, -500, -500, -500, -500, -500, -500, -500, -500, -500, -500, -500, -500, -500, -500, -500, -500, -500, -500, -500, -500, -500, -500, -500, -500, -500, -500, -500, -500, -500, -500,
	-500, -500, -500, -500, -500, -500, -500, -500, -500, -500, -500, -500, -500, -500, -500, -500, -500, -500, -500, -500, -500, -500, -500, -500, -500, -500, -500, -500, -500, -500, -500, -500,
	-500, -500, -500, -500, -500, -500, -500, -500, -500, -500, -500, -500, -500, -500, -500, -500, -500, -500, -500, -500, -500, -500, -500, -500, -500, -500, -500, -500, -500, -500, -500, -500,
	-500, -500, -500, -500, -500, -500, -500, -500, -500, -500, -500, -500, -500, -500, -500, -500, -500, -500, -500, -500, -500, -500, -500, -500, -500, -500, -500, -500, -500, -500, -500, -500,
	-500, -500, -500, -500, -500, -500, -500, -500, -500, -500, -500, -500, -500, -500, -500, -500, -500, -500, -500, -500, -500, -500, -500, -500, -500, -500, -500, -500, -500, -500, -500, -500,
	-500, -500, -500, -500, -500, -500, -500, -500, -500, -500, -500, -500, -500, -500, -500, -500, -500, -500, -500, -500, -500, -500, -500, -500, -500, -500, -500, -500, -500, -500, -500, -500,
	-500, -500, -500, -500, -500, -500, -500, -500, -500, -500, -500, -500, -500, -500, -500, -500, -500, -500, -500, -500, -500, -500, -500, -500, -500, -500, -500, -500, -500, -500, -500, -500,
	-500, -500, -500, -500, -500, -500, -500, -500, -500, -500, -500, -500, -500, -500, -500, -500, -500, -500, -500, -500, -500, -500, -500, -500, -500, -500, -500, -500, -500, -500, -500, -500,
	-500, -500, -500, -500, -500, -500, -500, -500, -500, -500, -500, -500, -500, -500, -500, -500, -500, -500, -500, -500, -500, -500, -500, -500, -500, -500, -500, -500, -500, -500, -500, -500,
	-500, -500, -500, -500, -500, -500, -500, -500, -500, -500, -500, -500, -500, -500, -500, -500, -500, -500, -500, -500, -500, -500, -500, -500, -500, -500, -500, -500, -500, -500, -500, -500,
	-500, -500, -500, -500, -500, -500, -500, -500, -500, -500, -500, -500, -500, -500, -500, -500, -500, -500, -500, -500, -500, -500, -500, -500, -500, -500, -500, -500, -500, -500, -500, -500,
	-500, -500, -500, -500, -500, -500, -500, -500, -500, -500, -500, -500, -500, -500, -500, -500, -500, -500, -500, -500, -500, -500, -500, -500, -500, -500, -500, -500, -500, -500, -500, -500,
}
SensorSpeedUpperImageLimit = {
	500, 500, 500, 500, 500, 500, 500, 500, 500, 500, 500, 500, 500, 500, 500, 500, 500, 500, 500, 500, 500, 500, 500, 500, 500, 500, 500, 500, 500, 500, 500, 500,
	500, 500, 500, 500, 500, 500, 500, 500, 500, 500, 500, 500, 500, 500, 500, 500, 500, 500, 500, 500, 500, 500, 500, 500, 500, 500, 500, 500, 500, 500, 500, 500,
	500, 500, 500, 500, 500, 500, 500, 500, 500, 500, 500, 500, 500, 500, 500, 500, 500, 500, 500, 500, 500, 500, 500, 500, 500, 500, 500, 500, 500, 500, 500, 500,
	500, 500, 500, 500, 500, 500, 500, 500, 500, 500, 500, 500, 500, 500, 500, 500, 500, 500, 500, 500, 500, 500, 500, 500, 500, 500, 500, 500, 500, 500, 500, 500,
	500, 500, 500, 500, 500, 500, 500, 500, 500, 500, 500, 500, 500, 500, 500, 500, 500, 500, 500, 500, 500, 500, 500, 500, 500, 500, 500, 500, 500, 500, 500, 500,
	500, 500, 500, 500, 500, 500, 500, 500, 500, 500, 500, 500, 500, 500, 500, 500, 500, 500, 500, 500, 500, 500, 500, 500, 500, 500, 500, 500, 500, 500, 500, 500,
	500, 500, 500, 500, 500, 500, 500, 500, 500, 500, 500, 500, 500, 500, 500, 500, 500, 500, 500, 500, 500, 500, 500, 500, 500, 500, 500, 500, 500, 500, 500, 500,
	500, 500, 500, 500, 500, 500, 500, 500, 500, 500, 500, 500, 500, 500, 500, 500, 500, 500, 500, 500, 500, 500, 500, 500, 500, 500, 500, 500, 500, 500, 500, 500,
	500, 500, 500, 500, 500, 500, 500, 500, 500, 500, 500, 500, 500, 500, 500, 500, 500, 500, 500, 500, 500, 500, 500, 500, 500, 500, 500, 500, 500, 500, 500, 500,
	500, 500, 500, 500, 500, 500, 500, 500, 500, 500, 500, 500, 500, 500, 500, 500, 500, 500, 500, 500, 500, 500, 500, 500, 500, 500, 500, 500, 500, 500, 500, 500,
	500, 500, 500, 500, 500, 500, 500, 500, 500, 500, 500, 500, 500, 500, 500, 500, 500, 500, 500, 500, 500, 500, 500, 500, 500, 500, 500, 500, 500, 500, 500, 500,
	500, 500, 500, 500, 500, 500, 500, 500, 500, 500, 500, 500, 500, 500, 500, 500, 500, 500, 500, 500, 500, 500, 500, 500, 500, 500, 500, 500, 500, 500, 500, 500,
	500, 500, 500, 500, 500, 500, 500, 500, 500, 500, 500, 500, 500, 500, 500, 500, 500, 500, 500, 500, 500, 500, 500, 500, 500, 500, 500, 500, 500, 500, 500, 500,
	500, 500, 500, 500, 500, 500, 500, 500, 500, 500, 500, 500, 500, 500, 500, 500, 500, 500, 500, 500, 500, 500, 500, 500, 500, 500, 500, 500, 500, 500, 500, 500,
	500, 500, 500, 500, 500, 500, 500, 500, 500, 500, 500, 500, 500, 500, 500, 500, 500, 500, 500, 500, 500, 500, 500, 500, 500, 500, 500, 500, 500, 500, 500, 500,
	500, 500, 500, 500, 500, 500, 500, 500, 500, 500, 500, 500, 500, 500, 500, 500, 500, 500, 500, 500, 500, 500, 500, 500, 500, 500, 500, 500, 500, 500, 500, 500,
	500, 500, 500, 500, 500, 500, 500, 500, 500, 500, 500, 500, 500, 500, 500, 500, 500, 500, 500, 500, 500, 500, 500, 500, 500, 500, 500, 500, 500, 500, 500, 500,
	500, 500, 500, 500, 500, 500, 500, 500, 500, 500, 500, 500, 500, 500, 500, 500, 500, 500, 500, 500, 500, 500, 500, 500, 500, 500, 500, 500, 500, 500, 500, 500,
	500, 500, 500, 500, 500, 500, 500, 500, 500, 500, 500, 500, 500, 500, 500, 500, 500, 500, 500, 500, 500, 500, 500, 500, 500, 500, 500, 500, 500, 500, 500, 500,
	500, 500, 500, 500, 500, 500, 500, 500, 500, 500, 500, 500, 500, 500, 500, 500, 500, 500, 500, 500, 500, 500, 500, 500, 500, 500, 500, 500, 500, 500, 500, 500,
	500, 500, 500, 500, 500, 500, 500, 500, 500, 500, 500, 500, 500, 500, 500, 500, 500, 500, 500, 500, 500, 500, 500, 500, 500, 500, 500, 500, 500, 500, 500, 500,
	500, 500, 500, 500, 500, 500, 500, 500, 500, 500, 500, 500, 500, 500, 500, 500, 500, 500, 500, 500, 500, 500, 500, 500, 500, 500, 500, 500, 500, 500, 500, 500,
	500, 500, 500, 500, 500, 500, 500, 500, 500, 500, 500, 500, 500, 500, 500, 500, 500, 500, 500, 500, 500, 500, 500, 500, 500, 500, 500, 500, 500, 500, 500, 500,
	500, 500, 500, 500, 500, 500, 500, 500, 500, 500, 500, 500, 500, 500, 500, 500, 500, 500, 500, 500, 500, 500, 500, 500, 500, 500, 500, 500, 500, 500, 500, 500,
	500, 500, 500, 500, 500, 500, 500, 500, 500, 500, 500, 500, 500, 500, 500, 500, 500, 500, 500, 500, 500, 500, 500, 500, 500, 500, 500, 500, 500, 500, 500, 500,
	500, 500, 500, 500, 500, 500, 500, 500, 500, 500, 500, 500, 500, 500, 500, 500, 500, 500, 500, 500, 500, 500, 500, 500, 500, 500, 500, 500, 500, 500, 500, 500,
	500, 500, 500, 500, 500, 500, 500, 500, 500, 500, 500, 500, 500, 500, 500, 500, 500, 500, 500, 500, 500, 500, 500, 500, 500, 500, 500, 500, 500, 500, 500, 500,
	500, 500, 500, 500, 500, 500, 500, 500, 500, 500, 500, 500, 500, 500, 500, 500, 500, 500, 500, 500, 500, 500, 500, 500, 500, 500, 500, 500, 500, 500, 500, 500,
	500, 500, 500, 500, 500, 500, 500, 500, 500, 500, 500, 500, 500, 500, 500, 500, 500, 500, 500, 500, 500, 500, 500, 500, 500, 500, 500, 500, 500, 500, 500, 500,
	500, 500, 500, 500, 500, 500, 500, 500, 500, 500, 500, 500, 500, 500, 500, 500, 500, 500, 500, 500, 500, 500, 500, 500, 500, 500, 500, 500, 500, 500, 500, 500,
	500, 500, 500, 500, 500, 500, 500, 500, 500, 500, 500, 500, 500, 500, 500, 500, 500, 500, 500, 500, 500, 500, 500, 500, 500, 500, 500, 500, 500, 500, 500, 500,
	500, 500, 500, 500, 500, 500, 500, 500, 500, 500, 500, 500, 500, 500, 500, 500, 500, 500, 500, 500, 500, 500, 500, 500, 500, 500, 500, 500, 500, 500, 500, 500,
}
